2
1.99998
1.99993
1.99983
1.99971
1.99954
1.99934
1.9991
1.99882
1.99851
1.99816
1.99777
1.99735
1.99688
1.99638
1.99584
1.99526
1.99464
1.99398
1.99328
1.99253
1.99175
1.99092
1.99005
1.98913
1.98817
1.98717
1.98612
1.98502
1.98387
1.98267
1.98143
1.98013
1.97878
1.97738
1.97593
1.97442
1.97285
1.97123
1.96955
1.96781
1.966
1.96414
1.96221
1.96022
1.95816
1.95604
1.95384
1.95158
1.94924
1.94683
1.94434
1.94178
1.93913
1.93641
1.9336
1.93071
1.92773
1.92466
1.92151
1.91826
1.91492
1.91149
1.90796
1.90432
1.90059
1.89675
1.89281
1.88876
1.8846
1.88033
1.87595
1.87145
1.86684
1.86211
1.85726
1.85228
1.84719
1.84196
1.83661
1.83114
1.82553
1.81979
1.81391
1.80791
1.80177
1.79549
1.78907
1.78252
1.77583
1.769
1.76203
1.75493
1.74768
1.74029
1.73277
1.7251
1.7173
1.70936
1.70129
1.69308
1.68474
1.67628
1.66768
1.65896
1.65011
1.64115
1.63206
1.62287
1.61357
1.60416
1.59465
1.58504
1.57534
1.56555
1.55568
1.54574
1.53572
1.52564
1.5155
1.50531
1.49507
1.4848
1.47449
1.46416
1.45381
1.44345
1.43309
1.42273
1.41239
1.40207
1.39178
1.38152
1.3713
1.36114
1.35103
1.34099
1.33102
1.32113
1.31133
1.30162
1.29201
1.28251
1.27312
1.26384
1.2547
1.24568
1.2368
1.22807
1.21948
1.21104
1.20275
1.19463
1.18667
1.17887
1.17125
1.1638
1.15653
1.14944
1.14253
1.1358
1.12926
1.12291
1.11674
1.11077
1.10498
1.09939
1.09398
1.08877
1.08375
1.07891
1.07427
1.06982
1.06555
1.06147
1.05758
1.05386
1.05033
1.04697
1.0438
1.04079
1.03796
1.03529
1.0328
1.03046
1.02829
1.02627
1.0244
1.02269
1.02112
1.0197
1.01841
1.01726
1.01624
1.01535
1.01458
1.01394
1.01341
1.013
1.01269
1.01249
1.01239
1.01239
1.01249
1.01267
1.01294
1.01329
1.01372
1.01422
1.0148
1.01544
1.01614
1.01691
1.01773
1.01861
1.01953
1.0205
1.02151
1.02256
1.02364
1.02476
1.0259
1.02706
1.02825
1.02946
1.03068
1.03192
1.03316
1.03442
1.03567
1.03693
1.03819
1.03945
1.0407
1.04195
1.04318
1.04441
1.04563
1.04684
1.04803
1.04921
1.05037
1.05152
1.05265
1.05377
1.05487
1.05595
1.05702
1.05807
1.05911
1.06013
1.06114
1.06214
1.06312
1.0641
1.06507
1.06604
1.067
1.06795
1.06891
1.06986
1.07082
1.07179
1.07276
1.07374
1.07474
1.07574
1.07676
1.07779
1.07884
1.07991
1.081
1.08211
1.08324
1.08439
1.08557
1.08677
1.088
1.08924
1.09052
1.09181
1.09313
1.09447
1.09583
1.09721
1.09861
1.10003
1.10147
1.10292
1.10438
1.10586
1.10734
1.10883
1.11033
1.11183
1.11333
1.11483
1.11633
1.11782
1.1193
1.12078
1.12224
1.12369
1.12512
1.12653
1.12793
1.1293
1.13065
1.13197
1.13327
1.13454
1.13578
1.13698
1.13816
1.1393
1.14041
1.14149
1.14253
1.14353
1.1445
1.14543
1.14632
1.14717
1.14798
1.14875
1.14948
1.15018
1.15083
1.15144
1.15201
1.15254
1.15304
1.15349
1.1539
1.15427
1.1546
1.15488
1.15513
1.15534
1.15551
1.15564
1.15573
1.15578
1.15578
1.15575
1.15567
1.15556
1.1554
1.15521
1.15497
1.15469
1.15437
1.15401
1.15361
1.15317
1.15268
1.15215
1.15158
1.15096
1.1503
1.1496
1.14885
1.14806
1.14722
1.14634
1.14541
1.14444
1.14343
1.14237
1.14127
1.14012
1.13893
1.13769
1.13641
1.13509
1.13373
1.13232
1.13087
1.12938
1.12786
1.12629
1.12469
1.12305
1.12138
1.11967
1.11793
1.11616
1.11437
1.11255
1.1107
1.10883
1.10694
1.10504
1.10312
1.10119
1.09924
1.09729
1.09534
1.09338
1.09143
1.08947
1.08753
1.08559
1.08367
1.08176
1.07988
1.07801
1.07617
1.07436
1.07258
1.07083
1.06911
1.06744
1.06581
1.06422
1.06267
1.06118
1.05974
1.05835
1.05702
1.05574
1.05453
1.05337
1.05228
1.05125
1.05029
1.04939
1.04857
1.04781
1.04712
1.04649
1.04594
1.04546
1.04505
1.04472
1.04445
1.04425
1.04413
1.04407
1.04408
1.04416
1.04431
1.04453
1.04481
1.04516
1.04557
1.04605
1.04659
1.04718
1.04784
1.04856
1.04933
1.05015
1.05104
1.05197
1.05296
1.05399
1.05507
1.0562
1.05738
1.0586
1.05986
1.06116
1.0625
1.06388
1.06529
1.06674
1.06823
1.06974
1.07128
1.07285
1.07445
1.07608
1.07773
1.0794
1.0811
1.08281
1.08454
1.08629
1.08806
1.08984
1.09163
1.09344
1.09525
1.09708
1.09891
1.10074
1.10258
1.10443
1.10627
1.10811
1.10995
1.11179
1.11361
1.11544
1.11725
1.11905
1.12083
1.1226
1.12436
1.12609
1.1278
1.12949
1.13115
1.13278
1.13439
1.13596
1.1375
1.139
1.14046
1.14188
1.14327
1.1446
1.14589
1.14713
1.14832
1.14946
1.15055
1.15158
1.15255
1.15347
1.15432
1.15512
1.15585
1.15652
1.15712
1.15766
1.15813
1.15854
1.15888
1.15915
1.15935
1.15948
1.15954
1.15953
1.15946
1.15931
1.15909
1.1588
1.15844
1.15802
1.15752
1.15695
1.15632
1.15562
1.15485
1.15402
1.15312
1.15216
1.15113
1.15004
1.14889
1.14769
1.14642
1.1451
1.14372
1.14229
1.14081
1.13927
1.13769
1.13607
1.1344
1.13269
1.13094
1.12916
1.12735
1.1255
1.12363
1.12173
1.11982
1.11788
1.11593
1.11397
1.11201
1.11004
1.10807
1.10611
1.10416
1.10222
1.10029
1.09839
1.09651
1.09467
1.09286
1.09108
1.08935
1.08767
1.08604
1.08447
1.08296
1.08151
1.08013
1.07882
1.0776
1.07645
1.0754
1.07443
1.07355
1.07277
1.0721
1.07152
1.07106
1.0707
1.07045
1.07031
1.07029
1.07038
1.07059
1.07092
1.07136
1.07192
1.07259
1.07337
1.07427
1.07527
1.07638
1.0776
1.07891
1.08032
1.08182
1.08341
1.08509
1.08684
1.08866
1.09056
1.09251
1.09453
1.09659
1.09871
1.10086
1.10306
1.10529
1.10754
1.10982
1.11212
1.11444
1.11676
1.11909
1.12143
1.12377
1.1261
1.12843
1.13075
1.13305
1.13535
1.13763
1.13989
1.14213
1.14435
1.14654
1.14871
1.15086
1.15297
1.15505
1.1571
1.15912
1.16111
1.16305
1.16496
1.16683
1.16866
1.17044
1.17218
1.17387
1.17551
1.1771
1.17864
1.18012
1.18154
1.18291
1.18421
1.18545
1.18663
1.18773
1.18877
1.18974
1.19063
1.19145
1.19219
1.19285
1.19343
1.19393
1.19434
1.19467
1.19491
1.19506
1.19513
1.1951
1.19499
1.19478
1.19449
1.1941
1.19362
1.19305
1.19239
1.19164
1.1908
1.18988
1.18886
1.18776
1.18658
1.18531
1.18396
1.18253
1.18103
1.17945
1.17779
1.17607
1.17428
1.17242
1.1705
1.16852
1.16649
1.1644
1.16225
1.16006
1.15783
1.15555
1.15324
1.15088
1.1485
1.14608
1.14363
1.14116
1.13867
1.13615
1.13362
1.13106
1.1285
1.12592
1.12332
1.12072
1.11812
1.1155
1.11288
1.11026
1.10764
1.10502
1.1024
1.09978
1.09717
1.09456
1.09196
1.08936
1.08678
1.08421
1.08165
1.07911
1.07658
1.07406
1.07157
1.0691
1.06665
1.06422
1.06182
1.05944
1.0571
1.05478
1.0525
1.05026
1.04805
1.04589
1.04376
1.04168
1.03965
1.03766
1.03573
1.03384
1.03201
1.03024
1.02853
1.02687
1.02528
1.02375
1.02228
1.02088
1.01954
1.01828
1.01708
1.01595
1.01489
1.0139
1.01298
1.01214
1.01136
1.01066
1.01002
1.00946
1.00896
1.00853
1.00818
1.00789
1.00766
1.0075
1.0074
1.00736
1.00738
1.00746
1.0076
1.00779
1.00803
1.00833
1.00867
1.00906
1.00949
1.00996
1.01047
1.01103
1.01161
1.01223
1.01288
1.01357
1.01427
1.01501
1.01577
1.01655
1.01735
1.01816
1.019
1.01985
1.02071
1.02159
1.02248
1.02338
1.02429
1.02521
1.02613
1.02706
1.028
1.02895
1.02989
1.03085
1.0318
1.03276
1.03372
1.03469
1.03566
1.03663
1.0376
1.03857
1.03955
1.04052
1.0415
1.04248
1.04346
1.04445
1.04543
1.04641
1.0474
1.04838
1.04937
1.05036
1.05135
1.05234
1.05333
1.05432
1.05531
1.0563
1.05729
1.05828
1.05927
1.06026
1.06125
1.06224
1.06322
1.0642
1.06518
1.06616
1.06713
1.0681
1.06907
1.07003
1.07098
1.07192
1.07286
1.07379
1.07471
1.07563
1.07653
1.07742
1.0783
1.07917
1.08002
1.08086
1.08169
1.0825
1.08329
1.08406
1.08482
1.08556
1.08628
1.08697
1.08765
1.0883
1.08893
1.08954
1.09012
1.09067
1.0912
1.0917
1.09218
1.09262
1.09303
1.09342
1.09377
1.09409
1.09438
1.09463
1.09485
1.09504
1.09519
1.0953
1.09538
1.09542
1.09542
1.09539
1.09532
1.09521
1.09506
1.09487
1.09464
1.09438
1.09407
1.09372
1.09334
1.09291
1.09245
1.09195
1.0914
1.09082
1.09021
1.08955
1.08886
1.08813
1.08737
1.08657
1.08574
1.08487
1.08398
1.08305
1.08209
1.08111
1.08009
1.07905
1.07799
1.0769
1.07579
1.07466
1.07351
1.07234
1.07116
1.06996
1.06875
1.06754
1.06631
1.06507
1.06384
1.06259
1.06135
1.06011
1.05887
1.05764
1.05641
1.05519
1.05398
1.05279
1.0516
1.05044
1.04929
1.04816
1.04705
1.04597
1.04491
1.04388
1.04287
1.0419
1.04096
1.04005
1.03918
1.03834
1.03754
1.03678
1.03605
1.03537
1.03473
1.03413
1.03358
1.03307
1.0326
1.03217
1.03179
1.03145
1.03115
1.0309
1.03069
1.03052
1.0304
1.03031
1.03027
1.03027
1.0303
1.03037
1.03048
1.03062
1.0308
1.03101
1.03125
1.03152
1.03182
1.03215
1.0325
1.03288
1.03328
1.03371
1.03415
1.03462
1.03511
1.03561
1.03614
1.03667
1.03723
1.0378
1.03838
1.03898
1.03959
1.04021
1.04084
1.04149
1.04214
1.04281
1.04348
1.04416
1.04485
1.04555
1.04626
1.04698
1.0477
1.04843
1.04917
1.04991
1.05067
1.05143
1.0522
1.05297
1.05375
1.05454
1.05534
1.05615
1.05696
1.05778
1.05861
1.05945
1.06029
1.06115
1.06202
1.06289
1.06378
1.06467
1.06558
1.0665
1.06743
1.06838
1.06934
1.07031
1.0713
1.0723
1.07332
1.07436
1.07541
1.07648
1.07757
1.07867
1.0798
1.08095
1.08211
1.0833
1.08451
1.08574
1.087
1.08827
1.08957
1.09089
1.09223
1.09359
1.09497
1.09638
1.0978
1.09925
1.10071
1.1022
1.1037
1.10522
1.10675
1.1083
1.10986
1.11143
1.11302
1.11461
1.11621
1.11782
1.11943
1.12104
1.12265
1.12426
1.12587
1.12747
1.12907
1.13065
1.13222
1.13379
1.13533
1.13686
1.13837
1.13986
1.14132
1.14276
1.14418
1.14556
1.14692
1.14824
1.14953
1.15078
1.152
1.15318
1.15432
1.15542
1.15647
1.15748
1.15845
1.15938
1.16025
1.16108
1.16186
1.16259
1.16327
1.1639
1.16448
1.16501
1.16549
1.16592
1.16629
1.16662
1.16689
1.16711
1.16728
1.1674
1.16746
1.16748
1.16745
1.16736
1.16723
1.16705
1.16682
1.16655
1.16623
1.16586
1.16545
1.165
1.16451
1.16397
1.1634
1.16279
1.16215
1.16147
1.16076
1.16002
1.15925
1.15846
1.15764
1.1568
1.15594
1.15506
1.15417
1.15326
1.15235
1.15142
1.15049
1.14956
1.14863
1.1477
1.14678
1.14587
1.14497
1.14409
1.14323
1.14239
1.14157
1.14079
1.14003
1.13931
1.13864
1.138
1.13741
1.13686
1.13637
1.13593
1.13554
1.13521
1.13494
1.13473
1.13458
1.1345
1.13448
1.13452
1.13463
1.13481
1.13504
1.13534
1.1357
1.13613
1.13661
1.13714
1.13773
1.13837
1.13906
1.1398
1.14057
1.14138
1.14223
1.1431
1.144
1.14492
1.14585
1.14679
1.14774
1.14869
1.14964
1.15058
1.15151
1.15241
1.1533
1.15416
1.155
1.1558
1.15656
1.15728
1.15795
1.15857
1.15915
1.15967
1.16013
1.16054
1.16088
1.16116
1.16137
1.16151
1.16159
1.16159
1.16152
1.16137
1.16115
1.16086
1.16049
1.16004
1.15951
1.1589
1.15821
1.15744
1.1566
1.15567
1.15466
1.15357
1.15241
1.15116
1.14983
1.14843
1.14695
1.14539
1.14376
1.14205
1.14027
1.13841
1.13649
1.13449
1.13243
1.1303
1.1281
1.12585
1.12353
1.12116
1.11873
1.11625
1.11372
1.11114
1.10852
1.10586
1.10316
1.10044
1.09768
1.0949
1.0921
1.08929
1.08646
1.08363
1.08079
1.07796
1.07514
1.07232
1.06953
1.06676
1.06401
1.0613
1.05863
1.056
1.05342
1.05089
1.04841
1.046
1.04366
1.04139
1.0392
1.03708
1.03505
1.03311
1.03125
1.0295
1.02783
1.02627
1.02481
1.02346
1.02221
1.02106
1.02003
1.0191
1.01828
1.01758
1.01698
1.01649
1.0161
1.01583
1.01565
1.01558
1.01561
1.01574
1.01596
1.01628
1.01668
1.01717
1.01775
1.0184
1.01913
1.01993
1.0208
1.02174
1.02273
1.02379
1.02489
1.02605
1.02725
1.02849
1.02977
1.03108
1.03243
1.0338
1.0352
1.03661
1.03805
1.0395
1.04096
1.04243
1.04391
1.04539
1.04687
1.04836
1.04984
1.05132
1.05279
1.05425
1.0557
1.05714
1.05857
1.05999
1.06139
1.06278
1.06414
1.06549
1.06682
1.06813
1.06942
1.07068
1.07193
1.07315
1.07434
1.07551
1.07666
1.07778
1.07887
1.07994
1.08098
1.08199
1.08297
1.08392
1.08484
1.08574
1.0866
1.08743
1.08823
1.08901
1.08975
1.09046
1.09113
1.09178
1.09239
1.09298
1.09353
1.09405
1.09454
1.09499
1.09542
1.09581
1.09617
1.0965
1.0968
1.09707
1.09731
1.09753
1.09771
1.09786
1.09799
1.09809
1.09816
1.09821
1.09823
1.09822
1.09819
1.09814
1.09806
1.09796
1.09784
1.0977
1.09753
1.09735
1.09715
1.09692
1.09668
1.09642
1.09614
1.09585
1.09554
1.09521
1.09487
1.09451
1.09413
1.09374
1.09334
1.09292
1.09249
1.09204
1.09157
1.0911
1.0906
1.0901
1.08958
1.08905
1.0885
1.08794
1.08737
1.08679
1.08619
1.08558
1.08496
1.08432
1.08367
1.08301
1.08234
1.08166
1.08097
1.08027
1.07955
1.07883
1.0781
1.07736
1.07661
1.07586
1.0751
1.07433
1.07356
1.07278
1.072
1.07122
1.07043
1.06965
1.06886
1.06808
1.06729
1.06651
1.06573
1.06496
1.06419
1.06343
1.06268
1.06193
1.06119
1.06046
1.05974
1.05903
1.05834
1.05766
1.05699
1.05634
1.05571
1.05509
1.0545
1.05392
1.05336
1.05283
1.05232
1.05183
1.05137
1.05094
1.05053
1.05015
1.04981
1.04949
1.04921
1.04896
1.04874
1.04857
1.04843
1.04832
1.04826
1.04824
1.04826
1.04832
1.04842
1.04857
1.04876
1.049
1.04929
1.04962
1.04999
1.05042
1.05088
1.0514
1.05196
1.05256
1.0532
1.05389
1.05462
1.05539
1.0562
1.05705
1.05793
1.05885
1.05979
1.06077
1.06177
1.0628
1.06385
1.06492
1.06601
1.06711
1.06822
1.06934
1.07047
1.0716
1.07273
1.07386
1.07498
1.07609
1.0772
1.07829
1.07936
1.08042
1.08146
1.08247
1.08346
1.08442
1.08536
1.08627
1.08714
1.08798
1.08879
1.08956
1.0903
1.09099
1.09165
1.09227
1.09284
1.09338
1.09388
1.09433
1.09474
1.09511
1.09545
1.09574
1.09599
1.0962
1.09638
1.09651
1.09661
1.09668
1.09671
1.0967
1.09666
1.0966
1.0965
1.09638
1.09623
1.09605
1.09585
1.09563
1.09539
1.09514
1.09486
1.09458
1.09428
1.09397
1.09365
1.09333
1.093
1.09267
1.09234
1.092
1.09168
1.09135
1.09103
1.09072
1.09042
1.09013
1.08985
1.08958
1.08933
1.0891
1.08888
1.08868
1.08849
1.08833
1.08819
1.08807
1.08797
1.0879
1.08784
1.08781
1.08781
1.08782
1.08786
1.08792
1.08801
1.08812
1.08825
1.0884
1.08858
1.08877
1.08899
1.08922
1.08948
1.08975
1.09004
1.09034
1.09066
1.09099
1.09133
1.09169
1.09206
1.09243
1.09281
1.0932
1.09358
1.09398
1.09437
1.09476
1.09516
1.09555
1.09593
1.09631
1.09668
1.09705
1.0974
1.09775
1.09808
1.0984
1.09871
1.099
1.09927
1.09953
1.09978
1.1
1.1002
1.10039
1.10055
1.10069
1.10082
1.10092
1.101
1.10106
1.10109
1.10111
1.1011
1.10108
1.10103
1.10097
1.10088
1.10078
1.10066
1.10052
1.10036
1.10019
1.10001
1.09981
1.0996
1.09938
1.09915
1.0989
1.09865
1.0984
1.09814
1.09787
1.0976
1.09732
1.09704
1.09677
1.09649
1.09621
1.09594
1.09567
1.0954
1.09514
1.09488
1.09463
1.09439
1.09416
1.09393
1.09372
1.09351
1.09331
1.09313
1.09295
1.09279
1.09263
1.09249
1.09237
1.09225
1.09214
1.09205
1.09197
1.0919
1.09185
1.0918
1.09177
1.09175
1.09173
1.09173
1.09174
1.09176
1.09179
1.09182
1.09187
1.09192
1.09198
1.09205
1.09212
1.0922
1.09228
1.09237
1.09246
1.09256
1.09266
1.09276
1.09287
1.09297
1.09308
1.0932
1.09331
1.09342
1.09354
1.09365
1.09377
1.09389
1.09401
1.09412
1.09425
1.09437
1.09449
1.09462
1.09475
1.09488
1.09502
1.09515
1.0953
1.09544
1.09559
1.09575
1.09591
1.09607
1.09624
1.09642
1.09661
1.0968
1.097
1.09721
1.09743
1.09765
1.09789
1.09813
1.09839
1.09865
1.09892
1.0992
1.09949
1.09979
1.1001
1.10042
1.10075
1.10109
1.10143
1.10179
1.10215
1.10251
1.10289
1.10327
1.10365
1.10404
1.10444
1.10483
1.10523
1.10563
1.10604
1.10644
1.10684
1.10725
1.10765
1.10805
1.10844
1.10883
1.10922
1.1096
1.10998
1.11035
1.11072
1.11107
1.11142
1.11176
1.11209
1.11242
1.11273
1.11303
1.11333
1.11361
1.11388
1.11415
1.1144
1.11464
1.11488
1.1151
1.11531
1.11552
1.11571
1.1159
1.11607
1.11624
1.11639
1.11654
1.11668
1.11681
1.11693
1.11705
1.11716
1.11726
1.11736
1.11745
1.11754
1.11762
1.1177
1.11778
1.11785
1.11792
1.11798
1.11805
1.11811
1.11817
1.11823
1.11829
1.11834
1.1184
1.11846
1.11852
1.11858
1.11864
1.1187
1.11877
1.11883
1.1189
1.11896
1.11903
1.11911
1.11918
1.11926
1.11934
1.11942
1.11951
1.11959
1.11968
1.11977
1.11986
1.11996
1.12005
1.12015
1.12025
1.12035
1.12045
1.12055
1.12065
1.12074
1.12084
1.12093
1.12102
1.12111
1.12119
1.12126
1.12133
1.1214
1.12145
1.1215
1.12153
1.12156
1.12157
1.12157
1.12155
1.12152
1.12147
1.12141
1.12132
1.12121
1.12108
1.12093
1.12075
1.12054
1.12031
1.12005
1.11975
1.11943
1.11907
1.11868
1.11826
1.1178
1.1173
1.11677
1.11619
1.11558
1.11493
1.11424
1.11351
1.11274
1.11192
1.11107
1.11018
1.10924
1.10827
1.10726
1.10621
1.10512
1.10399
1.10283
1.10164
1.10041
1.09916
1.09788
1.09657
1.09524
1.09389
1.09253
1.09115
1.08975
1.08835
1.08695
1.08555
1.08414
1.08275
1.08137
1.08
1.07865
1.07733
1.07603
1.07477
1.07354
1.07235
1.07121
1.07011
1.06907
1.06809
1.06716
1.0663
1.06551
1.06479
1.06414
1.06357
1.06308
1.06267
1.06235
1.06211
1.06195
1.06188
1.0619
1.06201
1.06221
1.06249
1.06286
1.06332
1.06386
