1.55
1.54985
1.5494
1.54866
1.54761
1.54627
1.54464
1.54271
1.54048
1.53796
1.53514
1.53204
1.52864
1.52496
1.52098
1.51672
1.51218
1.50736
1.50225
1.49686
1.49119
1.48524
1.47901
1.4725
1.46572
1.45865
1.45131
1.4437
1.43581
1.42765
1.41922
1.41052
1.40155
1.39232
1.38282
1.37307
1.36305
1.35278
1.34227
1.3315
1.32049
1.30924
1.29776
1.28604
1.2741
1.26194
1.24956
1.23698
1.22419
1.2112
1.19802
1.18465
1.17111
1.15741
1.14354
1.12952
1.11535
1.10105
1.08663
1.07209
1.05745
1.04271
1.02789
1.013
0.998042
0.983039
0.967999
0.952935
0.937859
0.922785
0.907724
0.89269
0.877697
0.862758
0.847887
0.833097
0.818403
0.803817
0.789354
0.775028
0.760853
0.74684
0.733005
0.71936
0.705918
0.692691
0.679693
0.666934
0.654426
0.642181
0.63021
0.618522
0.607128
0.596037
0.585258
0.574798
0.564666
0.554868
0.545411
0.5363
0.52754
0.519137
0.511092
0.50341
0.496093
0.489142
0.482559
0.476344
0.470496
0.465015
0.4599
0.455148
0.450756
0.446723
0.443044
0.439715
0.436731
0.434087
0.431777
0.429796
0.428136
0.426792
0.425755
0.425019
0.424577
0.424419
0.424539
0.424927
0.425575
0.426475
0.427618
0.428994
0.430596
0.432413
0.434437
0.43666
0.439071
0.441661
0.444422
0.447346
0.450422
0.453643
0.457001
0.460485
0.464089
0.467805
0.471623
0.475536
0.479536
0.483615
0.487767
0.491985
0.496261
0.500588
0.50496
0.50937
0.513813
0.518283
0.522773
0.527278
0.531794
0.536314
0.540834
0.545349
0.549855
0.554347
0.558822
0.563276
0.567706
0.572106
0.576476
0.580809
0.585105
0.58936
0.593571
0.597735
0.60185
0.605915
0.609926
0.613882
0.617781
0.62162
0.625399
0.629116
0.632768
0.636354
0.639873
0.643323
0.646703
0.650013
0.65325
0.656414
0.659503
0.662517
0.665453
0.66831
0.671088
0.673786
0.676402
0.678935
0.681385
0.683752
0.686034
0.68823
0.690339
0.692362
0.694298
0.696146
0.697905
0.699575
0.701156
0.702647
0.704047
0.705357
0.706576
0.707705
0.708742
0.709689
0.710546
0.711314
0.711994
0.712586
0.71309
0.713507
0.713838
0.714084
0.714246
0.714326
0.714324
0.714242
0.714083
0.713848
0.713538
0.713157
0.712707
0.71219
0.711609
0.710965
0.710263
0.709505
0.708693
0.707832
0.706924
0.705971
0.704979
0.70395
0.702889
0.7018
0.700686
0.69955
0.698395
0.697226
0.696046
0.694859
0.693669
0.692479
0.691294
0.690118
0.688954
0.687805
0.686675
0.685566
0.684482
0.683428
0.682406
0.681419
0.680469
0.679561
0.678696
0.677876
0.677105
0.676384
0.675717
0.675104
0.674548
0.67405
0.673614
0.673239
0.672926
0.672678
0.672493
0.672373
0.672319
0.672331
0.672409
0.672554
0.672764
0.673042
0.673387
0.673797
0.674274
0.674815
0.67542
0.676091
0.676826
0.677622
0.67848
0.679398
0.680374
0.681407
0.682495
0.683636
0.68483
0.686075
0.687369
0.688711
0.690099
0.691529
0.693001
0.694513
0.696061
0.697645
0.699264
0.700915
0.702595
0.704303
0.706036
0.70779
0.709565
0.711357
0.713165
0.714986
0.716816
0.718656
0.7205
0.722348
0.724196
0.726042
0.727883
0.729718
0.731543
0.733356
0.735154
0.736935
0.738697
0.740437
0.74215
0.743836
0.74549
0.747111
0.748696
0.750243
0.75175
0.753215
0.754635
0.756009
0.757333
0.758606
0.759825
0.76099
0.762098
0.763149
0.76414
0.765074
0.765947
0.76676
0.767512
0.768202
0.76883
0.769398
0.769905
0.770352
0.770743
0.771076
0.771355
0.771581
0.771755
0.771879
0.771957
0.771991
0.771986
0.771944
0.771869
0.771764
0.771633
0.77148
0.77131
0.771128
0.770937
0.770743
0.77055
0.770362
0.770185
0.770024
0.769882
0.769766
0.769679
0.769626
0.769612
0.769641
0.769716
0.769842
0.770022
0.770258
0.770556
0.770917
0.771342
0.771833
0.772391
0.773018
0.773716
0.774484
0.775323
0.776231
0.777208
0.778251
0.779359
0.780532
0.781766
0.78306
0.784411
0.785815
0.787268
0.788767
0.790309
0.79189
0.793508
0.795157
0.796834
0.798534
0.800254
0.80199
0.803736
0.805491
0.80725
0.809009
0.810765
0.812514
0.814253
0.81598
0.81769
0.819381
0.82105
0.822695
0.824313
0.825903
0.827464
0.828991
0.830484
0.831941
0.833359
0.834739
0.836078
0.837376
0.838631
0.839842
0.84101
0.842133
0.843212
0.844244
0.845231
0.84617
0.847061
0.847904
0.8487
0.849448
0.850147
0.850798
0.8514
0.851953
0.852457
0.852913
0.853321
0.853682
0.853993
0.854254
0.854467
0.854631
0.854746
0.854814
0.854833
0.854804
0.854727
0.854604
0.854434
0.854218
0.853956
0.853646
0.853292
0.852892
0.852447
0.851958
0.851427
0.850852
0.850236
0.849578
0.84888
0.848145
0.847373
0.846564
0.84572
0.844843
0.843935
0.842999
0.842034
0.841045
0.840032
0.838998
0.837946
0.836876
0.835793
0.834698
0.833593
0.832481
0.831366
0.83025
0.829137
0.828029
0.826931
0.825843
0.82477
0.823714
0.822679
0.821667
0.820682
0.819726
0.818803
0.817916
0.817069
0.816263
0.815501
0.814785
0.814119
0.813505
0.812944
0.812439
0.811991
0.811604
0.81128
0.811019
0.810823
0.810693
0.810631
0.810637
0.810712
0.810856
0.811072
0.811357
0.811714
0.81214
0.812637
0.813202
0.813838
0.814541
0.815312
0.816148
0.81705
0.818015
0.819041
0.820127
0.821271
0.822471
0.823725
0.825031
0.826388
0.827792
0.829241
0.830731
0.83226
0.833828
0.83543
0.837062
0.838723
0.840409
0.842119
0.843849
0.845596
0.847358
0.849133
0.850918
0.852711
0.854508
0.856306
0.858103
0.859899
0.86169
0.863472
0.865244
0.867005
0.868752
0.870484
0.872201
0.873899
0.875576
0.877232
0.878863
0.880468
0.882047
0.883598
0.885122
0.886616
0.888081
0.889513
0.890914
0.892282
0.893616
0.894916
0.896182
0.897412
0.898606
0.899765
0.900888
0.901976
0.903029
0.904045
0.905025
0.905969
0.906878
0.907751
0.908591
0.909397
0.910167
0.910901
0.911601
0.912266
0.912898
0.913497
0.914062
0.914594
0.915092
0.915558
0.91599
0.916389
0.916754
0.917086
0.917385
0.917652
0.917886
0.918087
0.918256
0.918392
0.918495
0.918566
0.918604
0.918609
0.918581
0.918521
0.918428
0.918301
0.918142
0.91795
0.917725
0.917468
0.917177
0.916851
0.916491
0.916098
0.91567
0.915206
0.914708
0.914174
0.913605
0.913
0.912361
0.911686
0.910976
0.91023
0.909448
0.908631
0.907778
0.90689
0.905965
0.905005
0.904009
0.902979
0.901914
0.900815
0.899683
0.898519
0.897322
0.896095
0.894836
0.893549
0.892233
0.89089
0.889522
0.888131
0.886716
0.885279
0.883822
0.882346
0.880852
0.879343
0.877819
0.876284
0.874739
0.873186
0.871627
0.870064
0.868499
0.866934
0.865371
0.863812
0.862258
0.860711
0.859173
0.857646
0.856133
0.854634
0.853151
0.851686
0.850239
0.848812
0.847406
0.846022
0.84466
0.843322
0.842008
0.84072
0.839458
0.838222
0.837012
0.835826
0.834666
0.833531
0.832419
0.831331
0.830266
0.829224
0.828203
0.827203
0.826223
0.825262
0.824318
0.82339
0.822477
0.821578
0.82069
0.819812
0.818943
0.818081
0.817224
0.81637
0.815518
0.814665
0.813811
0.812954
0.812093
0.811226
0.810352
0.809469
0.808576
0.807671
0.806753
0.805821
0.804874
0.80391
0.80293
0.801931
0.800913
0.799876
0.798818
0.797739
0.79664
0.79552
0.794377
0.793212
0.792025
0.790816
0.789585
0.788332
0.787057
0.78576
0.784442
0.783102
0.781742
0.780362
0.778962
0.777543
0.776107
0.774653
0.773184
0.7717
0.770202
0.768692
0.767172
0.765642
0.764105
0.762563
0.761016
0.759466
0.757915
0.756363
0.754815
0.75327
0.751731
0.7502
0.748677
0.747166
0.745668
0.744186
0.742721
0.741276
0.739851
0.738448
0.73707
0.735718
0.734396
0.733105
0.731846
0.730622
0.729436
0.728287
0.727178
0.72611
0.725086
0.724107
0.723175
0.722291
0.721458
0.720675
0.719946
0.719272
0.718653
0.718094
0.717593
0.717152
0.716771
0.716453
0.716197
0.716004
0.715876
0.715815
0.715818
0.715886
0.71602
0.71622
0.716486
0.716817
0.717215
0.717679
0.718209
0.718804
0.719464
0.720189
0.720976
0.721826
0.722736
0.723707
0.724738
0.725826
0.72697
0.728167
0.729416
0.730713
0.732058
0.733446
0.734878
0.736352
0.737863
0.739409
0.740987
0.742593
0.744225
0.745882
0.747561
0.749258
0.75097
0.752694
0.754425
0.756162
0.757901
0.75964
0.761375
0.763105
0.764827
0.766536
0.768232
0.769912
0.771572
0.773212
0.774828
0.776421
0.777986
0.779524
0.781031
0.782507
0.783951
0.78536
0.786732
0.788068
0.789367
0.790627
0.791847
0.793026
0.794165
0.795263
0.796321
0.797336
0.798307
0.799236
0.800121
0.800965
0.801765
0.802522
0.803236
0.803908
0.804537
0.805126
0.805671
0.806176
0.806639
0.807062
0.807445
0.807788
0.80809
0.808354
0.808579
0.808767
0.808917
0.809031
0.80911
0.809154
0.809163
0.80914
0.809085
0.808999
0.808883
0.808737
0.808563
0.808363
0.808136
0.807883
0.807607
0.807307
0.806987
0.806646
0.806284
0.805905
0.80551
0.805098
0.804673
0.804234
0.803782
0.803319
0.802847
0.802365
0.801877
0.801384
0.800885
0.800382
0.799877
0.79937
0.798862
0.798354
0.797847
0.797343
0.796841
0.796344
0.795851
0.795364
0.794883
0.794408
0.79394
0.79348
0.793028
0.792583
0.792146
0.791716
0.791293
0.790879
0.790474
0.790078
0.789691
0.789312
0.788941
0.788577
0.788221
0.787872
0.787531
0.787198
0.786871
0.786552
0.78624
0.785933
0.785632
0.785336
0.785046
0.78476
0.784479
0.784203
0.783931
0.783663
0.783399
0.78314
0.782884
0.782634
0.782387
0.782145
0.781908
0.781675
0.781447
0.781224
0.781005
0.780792
0.780585
0.780386
0.780192
0.780007
0.779829
0.779659
0.779498
0.779346
0.779205
0.779073
0.778954
0.778846
0.77875
0.778669
0.778602
0.77855
0.778515
0.778497
0.778496
0.778513
0.77855
0.778608
0.778687
0.778788
0.778913
0.779064
0.779239
0.779439
0.779666
0.779919
0.7802
0.78051
0.780849
0.781217
0.781615
0.782042
0.782498
0.782984
0.783498
0.784041
0.784612
0.785211
0.785836
0.786487
0.787164
0.787865
0.78859
0.789337
0.790104
0.79089
0.791693
0.792512
0.793345
0.794191
0.795046
0.795908
0.796775
0.797647
0.798521
0.799393
0.800263
0.801127
0.801983
0.802827
0.803659
0.804477
0.805277
0.806057
0.806816
0.807552
0.808263
0.808946
0.809599
0.81022
0.810808
0.81136
0.811875
0.812351
0.812788
0.813183
0.813536
0.813846
0.814111
0.81433
0.814501
0.814624
0.814699
0.814725
0.814701
0.814629
0.814506
0.814332
0.814107
0.813831
0.813504
0.813125
0.812697
0.812218
0.811687
0.811107
0.810477
0.809797
0.809069
0.808295
0.807476
0.806612
0.805704
0.804753
0.803759
0.802725
0.801651
0.80054
0.799393
0.798211
0.796997
0.795751
0.794476
0.793174
0.791848
0.7905
0.789131
0.787745
0.786343
0.784927
0.783501
0.782066
0.780625
0.77918
0.777734
0.77629
0.774851
0.77342
0.771999
0.770593
0.769203
0.767833
0.766486
0.765164
0.76387
0.762608
0.761379
0.760187
0.759034
0.757926
0.756863
0.755847
0.754882
0.753969
0.753112
0.752313
0.751573
0.750896
0.750282
0.749734
0.749254
0.748845
0.748508
0.748243
0.748052
0.747937
0.747898
0.747936
0.748052
0.748246
0.748518
0.748869
0.749299
0.749808
0.750396
0.751063
0.751808
0.75263
0.753528
0.754501
0.755549
0.75667
0.757863
0.759126
0.760458
0.761856
0.763319
0.764846
0.766433
0.768079
0.769781
0.771536
0.773341
0.775194
0.777093
0.779033
0.781014
0.783031
0.785083
0.787165
0.789276
0.791412
0.793571
0.795748
0.797941
0.800144
0.802357
0.804576
0.806798
0.80902
0.811239
0.813451
0.815654
0.817845
0.82002
0.822178
0.824314
0.826428
0.828515
0.830573
0.832599
0.834591
0.836545
0.838459
0.840331
0.842159
0.843941
0.845674
0.847357
0.848988
0.850565
0.852086
0.853551
0.854957
0.856304
0.857589
0.858812
0.859973
0.861068
0.8621
0.863067
0.863969
0.864808
0.865582
0.866292
0.866935
0.867513
0.868028
0.868479
0.868868
0.869196
0.869462
0.869668
0.869816
0.869909
0.869947
0.869933
0.869868
0.869754
0.869594
0.86939
0.869144
0.868859
0.86854
0.868187
0.867803
0.86739
0.866952
0.866491
0.866009
0.865511
0.864998
0.864475
0.863946
0.863412
0.862876
0.862342
0.861812
0.861289
0.860775
0.860275
0.859789
0.85932
0.85887
0.858441
0.858035
0.857656
0.857306
0.856987
0.8567
0.856445
0.856227
0.856048
0.855906
0.855804
0.855743
0.855724
0.855746
0.855812
0.855921
0.856074
0.856271
0.856513
0.856799
0.857129
0.857502
0.857918
0.858377
0.858878
0.85942
0.860004
0.860628
0.86129
0.86199
0.862724
0.863491
0.864289
0.865117
0.865971
0.86685
0.867752
0.868675
0.869617
0.870574
0.871543
0.872522
0.873509
0.874501
0.875494
0.876486
0.877475
0.878458
0.879433
0.880395
0.881343
0.882273
0.883183
0.884071
0.884934
0.885768
0.886572
0.887345
0.888082
0.888781
0.88944
0.890059
0.890636
0.891168
0.891652
0.892087
0.892471
0.892803
0.893083
0.893307
0.893477
0.89359
0.893645
0.893641
0.893578
0.893455
0.893271
0.893027
0.892722
0.892355
0.891926
0.891435
0.890881
0.890264
0.889585
0.888844
0.888041
0.887177
0.886251
0.885267
0.884224
0.883122
0.881962
0.880744
0.879471
0.878142
0.87676
0.875324
0.873836
0.872297
0.870708
0.86907
0.867383
0.865649
0.863869
0.862046
0.860182
0.858275
0.856329
0.854344
0.852323
0.850267
0.848179
0.846059
0.843909
0.841731
0.839524
0.837291
0.835034
0.832754
0.830453
0.828132
0.825794
0.823438
0.821069
0.818688
0.816295
0.813892
0.811481
0.809063
0.806641
0.804216
0.801789
0.799361
0.796934
0.79451
0.792091
0.789677
0.787271
0.784875
0.782488
0.780115
0.777755
0.775411
0.773085
0.770777
0.76849
0.766224
0.763982
0.761767
0.759578
0.757417
0.755288
0.753189
0.751122
0.74909
0.747093
0.745134
0.743214
0.741335
0.739498
0.737704
0.735955
0.734253
0.732598
0.730994
0.72944
0.727938
0.726489
0.725093
0.723753
0.722469
0.721244
0.720079
0.718972
0.717926
0.716943
0.716022
0.715164
0.714371
0.713642
0.712978
0.712379
0.711847
0.71138
0.710979
0.710646
0.710379
0.710179
0.710044
0.709976
0.709974
0.710037
0.710165
0.710358
0.710614
0.710934
0.711316
0.71176
0.712264
0.712828
0.71345
0.71413
0.714868
0.715662
0.716511
0.717414
0.718367
0.719371
0.720424
0.721524
0.722671
0.723863
0.725098
0.726376
0.727694
0.729051
0.730446
0.731877
0.733342
0.734841
0.736372
0.737935
0.739529
0.741151
0.742801
0.744476
0.746176
0.747899
0.749644
0.751411
0.753197
0.755003
0.756826
0.758666
0.760521
0.76239
0.764272
0.766167
0.768073
0.76999
0.771915
0.773846
0.775783
0.777724
0.779668
0.781614
0.78356
0.785505
0.787448
0.789389
0.791325
0.793255
0.795177
0.797089
0.798989
0.800877
0.80275
0.804607
0.806444
0.808262
0.81006
0.811835
0.813586
0.81531
0.817006
0.818673
0.820309
0.821911
0.82348
0.825013
0.82651
0.827968
0.829386
0.830765
0.832102
0.833394
0.834642
0.835844
0.836999
0.838106
0.839166
0.840176
0.841136
0.842043
0.842898
0.843699
0.844447
0.845141
0.84578
0.846363
0.84689
0.847361
0.847777
0.848137
0.84844
0.848687
0.848878
0.849012
0.849091
0.849113
0.84908
0.848993
0.848852
0.848657
0.848408
0.848107
0.847752
0.847346
0.846889
0.846382
0.845826
0.845223
0.844573
0.843878
0.843137
0.842351
0.841523
0.840654
0.839744
0.838797
0.837813
0.836795
0.835744
0.834661
0.833546
0.832401
0.831228
0.830029
0.828805
0.827557
0.826288
0.825
0.823693
0.822372
0.821036
0.819689
0.818332
0.816968
0.815598
0.814225
0.812851
0.811479
0.810109
0.808745
0.807389
0.806041
0.804702
0.803374
0.80206
0.80076
0.799477
0.798212
0.796967
0.795744
0.794545
0.793372
0.792224
0.791106
0.790019
0.788964
0.787943
0.786957
0.786008
0.785097
0.784227
0.783399
0.782613
0.781871
0.781175
0.780525
0.779924
0.77937
0.778867
0.778414
0.778014
0.777666
0.777371
0.77713
0.776944
0.776814
0.77674
0.776721
0.776757
0.776849
0.776999
0.777204
0.777465
0.777781
0.778152
0.778577
0.779055
0.779586
0.780168
0.7808
0.781482
0.78221
0.782985
0.783805
0.784668
0.785572
0.786516
0.787497
0.788515
0.789565
0.790647
0.791758
0.792895
0.794056
0.795238
0.79644
0.797658
0.798891
0.800135
0.801389
0.802648
0.803912
0.805176
0.80644
0.807701
0.808957
0.810203
0.81144
0.812665
0.813876
0.815069
0.816244
0.817398
0.818528
0.819635
0.820715
0.821767
0.82279
0.823782
0.824743
0.82567
0.826564
0.827424
0.828249
0.829036
0.829786
0.830499
0.831173
0.831809
0.832406
0.832965
0.833484
0.833965
0.834408
0.834813
0.835179
0.835509
0.835803
0.83606
0.836283
0.836472
0.836628
0.836751
0.836842
0.836904
0.836938
0.836942
0.83692
0.836872
0.836801
0.836707
0.836591
0.836454
0.836298
0.836124
0.835933
0.835727
0.835506
0.835272
0.835026
0.834769
0.834502
0.834225
0.833941
0.833651
0.833355
0.833054
0.832749
0.832441
0.832129
0.831817
0.831504
0.831189
0.830874
0.830559
0.830244
0.82993
0.829618
0.829308
0.829001
0.828697
0.828395
0.828097
0.827801
0.827509
0.827219
0.826933
0.82665
0.826369
0.826091
0.825816
0.825543
0.825272
0.825005
0.824739
0.824476
0.824214
0.823955
0.823698
0.823442
0.823189
0.822937
0.822687
0.822438
0.82219
0.821942
0.821696
0.82145
0.821204
0.820958
0.820713
0.820468
0.820222
0.819976
0.81973
0.819483
0.819234
0.818985
0.818733
0.81848
0.818224
0.817966
0.817706
0.817443
0.817177
0.816908
0.816635
0.816357
0.816076
0.815789
0.815497
0.8152
0.814898
0.81459
0.814275
0.813953
0.813624
0.813285
0.812938
0.812582
0.812217
0.811841
0.811453
0.811055
0.810646
0.810225
0.809791
0.809343
0.808881
0.808406
0.807916
0.807411
0.806892
0.806356
0.805803
0.805235
0.804649
0.804045
0.803422
0.802781
0.80212
0.801442
0.800745
0.800029
0.799292
0.798536
0.797761
0.796965
0.796149
0.795315
0.794461
0.793587
0.792694
0.791783
0.790852
0.789903
0.788937
0.787952
0.78695
0.785932
0.7849
0.783853
0.782793
0.78172
0.780636
0.77954
0.778436
0.777324
0.776206
0.775081
0.773953
0.772822
0.771691
0.770561
0.769433
0.76831
0.767194
0.766086
0.764989
0.763905
0.762835
0.76178
0.760743
0.759726
0.758731
0.75776
0.756816
0.7559
0.755015
0.754162
0.753344
0.752562
0.751819
0.751116
0.750455
0.749838
0.749266
0.748741
0.748264
0.747836
0.747458
0.747134
0.746863
0.746649
0.746489
0.746386
0.746338
0.746347
0.746412
0.746533
0.746711
0.746946
0.747236
0.747583
0.747985
0.748441
0.748953
0.749519
0.750137
0.750807
0.751526
0.752293
0.753107
0.753967
0.75487
0.755813
0.756795
0.757815
0.75887
0.759958
0.761076
0.762222
0.763392
0.764587
0.765801
0.767034
0.76828
0.769539
0.770807
0.772082
0.773361
0.774643
0.775924
0.777201
0.778472
0.779732
0.780981
0.782214
0.783431
0.784627
0.785801
0.786951
0.788073
0.789166
0.790229
0.791259
0.792255
0.793215
0.794139
0.795023
0.795867
0.796668
0.797427
0.798142
0.798813
0.799439
0.800019
0.800555
0.801046
0.801492
0.801894
0.802253
0.802568
0.802842
0.803074
0.803268
0.803424
0.803544
0.80363
0.803684
0.803707
0.803703
0.803672
0.803619
0.803545
0.803453
0.803346
0.803226
0.803096
0.802959
0.802818
0.802677
