1.05
1.05
1.05
1.05
1.05
1.05
1.05
1.05
1.05
1.05
1.05
1.05
1.05
1.05
1.05
1.05
1.05
1.05
1.05001
1.05001
1.05001
1.05001
1.05001
1.05001
1.05001
1.05001
1.05001
1.05001
1.05001
1.05001
1.05002
1.05002
1.05002
1.05002
1.05002
1.05002
1.05002
1.05002
1.05002
1.05003
1.05003
1.05003
1.05003
1.05003
1.05003
1.05003
1.05004
1.05004
1.05004
1.05004
1.05004
1.05004
1.05005
1.05005
1.05005
1.05005
1.05005
1.05005
1.05006
1.05006
1.05006
1.05006
1.05006
1.05007
1.05007
1.05007
1.05007
1.05007
1.05008
1.05008
1.05008
1.05008
1.05009
1.05009
1.05009
1.05009
1.0501
1.0501
1.0501
1.0501
1.05011
1.05011
1.05011
1.05011
1.05012
1.05012
1.05012
1.05013
1.05013
1.05013
1.05013
1.05014
1.05014
1.05014
1.05015
1.05015
1.05015
1.05016
1.05016
1.05016
1.05017
1.05017
1.05017
1.05018
1.05018
1.05018
1.05019
1.05019
1.05019
1.0502
1.0502
1.05021
1.05021
1.05021
1.05022
1.05022
1.05022
1.05023
1.05023
1.05024
1.05024
1.05024
1.05025
1.05025
1.05026
1.05026
1.05027
1.05027
1.05027
1.05028
1.05028
1.05029
1.05029
1.0503
1.0503
1.0503
1.05031
1.05031
1.05032
1.05032
1.05033
1.05033
1.05034
1.05034
1.05035
1.05035
1.05036
1.05036
1.05037
1.05037
1.05038
1.05038
1.05039
1.05039
1.0504
1.0504
1.05041
1.05041
1.05042
1.05042
1.05043
1.05044
1.05044
1.05045
1.05045
1.05046
1.05046
1.05047
1.05047
1.05048
1.05049
1.05049
1.0505
1.0505
1.05051
1.05052
1.05052
1.05053
1.05053
1.05054
1.05055
1.05055
1.05056
1.05056
1.05057
1.05058
1.05058
1.05059
1.0506
1.0506
1.05061
1.05062
1.05062
1.05063
1.05064
1.05064
1.05065
1.05066
1.05066
1.05067
1.05068
1.05068
1.05069
1.0507
1.05071
1.05071
1.05072
1.05073
1.05074
1.05074
1.05075
1.05076
1.05076
1.05077
1.05078
1.05079
1.05079
1.0508
1.05081
1.05082
1.05083
1.05083
1.05084
1.05085
1.05086
1.05086
1.05087
1.05088
1.05089
1.0509
1.05091
1.05091
1.05092
1.05093
1.05094
1.05095
1.05095
1.05096
1.05097
1.05098
1.05099
1.051
1.05101
1.05102
1.05102
1.05103
1.05104
1.05105
1.05106
1.05107
1.05108
1.05109
1.0511
1.0511
1.05111
1.05112
1.05113
1.05114
1.05115
1.05116
1.05117
1.05118
1.05119
1.0512
1.05121
1.05122
1.05123
1.05124
1.05125
1.05126
1.05127
1.05128
1.05129
1.0513
1.05131
1.05132
1.05133
1.05134
1.05135
1.05136
1.05137
1.05138
1.05139
1.0514
1.05141
1.05142
1.05143
1.05144
1.05145
1.05146
1.05147
1.05148
1.05149
1.0515
1.05151
1.05153
1.05154
1.05155
1.05156
1.05157
1.05158
1.05159
1.0516
1.05161
1.05163
1.05164
1.05165
1.05166
1.05167
1.05168
1.0517
1.05171
1.05172
1.05173
1.05174
1.05175
1.05177
1.05178
1.05179
1.0518
1.05181
1.05183
1.05184
1.05185
1.05186
1.05187
1.05189
1.0519
1.05191
1.05192
1.05194
1.05195
1.05196
1.05197
1.05199
1.052
1.05201
1.05203
1.05204
1.05205
1.05206
1.05208
1.05209
1.0521
1.05212
1.05213
1.05214
1.05216
1.05217
1.05218
1.0522
1.05221
1.05222
1.05224
1.05225
1.05227
1.05228
1.05229
1.05231
1.05232
1.05234
1.05235
1.05236
1.05238
1.05239
1.05241
1.05242
1.05244
1.05245
1.05246
1.05248
1.05249
1.05251
1.05252
1.05254
1.05255
1.05257
1.05258
1.0526
1.05261
1.05263
1.05264
1.05266
1.05267
1.05269
1.0527
1.05272
1.05273
1.05275
1.05276
1.05278
1.0528
1.05281
1.05283
1.05284
1.05286
1.05287
1.05289
1.05291
1.05292
1.05294
1.05296
1.05297
1.05299
1.053
1.05302
1.05304
1.05305
1.05307
1.05309
1.0531
1.05312
1.05314
1.05315
1.05317
1.05319
1.0532
1.05322
1.05324
1.05326
1.05327
1.05329
1.05331
1.05333
1.05334
1.05336
1.05338
1.0534
1.05341
1.05343
1.05345
1.05347
1.05349
1.0535
1.05352
1.05354
1.05356
1.05358
1.05359
1.05361
1.05363
1.05365
1.05367
1.05369
1.05371
1.05372
1.05374
1.05376
1.05378
1.0538
1.05382
1.05384
1.05386
1.05388
1.0539
1.05392
1.05393
1.05395
1.05397
1.05399
1.05401
1.05403
1.05405
1.05407
1.05409
1.05411
1.05413
1.05415
1.05417
1.05419
1.05421
1.05423
1.05425
1.05428
1.0543
1.05432
1.05434
1.05436
1.05438
1.0544
1.05442
1.05444
1.05446
1.05448
1.05451
1.05453
1.05455
1.05457
1.05459
1.05461
1.05463
1.05466
1.05468
1.0547
1.05472
1.05474
1.05477
1.05479
1.05481
1.05483
1.05486
1.05488
1.0549
1.05492
1.05495
1.05497
1.05499
1.05501
1.05504
1.05506
1.05508
1.05511
1.05513
1.05515
1.05518
1.0552
1.05522
1.05525
1.05527
1.05529
1.05532
1.05534
1.05537
1.05539
1.05541
1.05544
1.05546
1.05549
1.05551
1.05554
1.05556
1.05558
1.05561
1.05563
1.05566
1.05568
1.05571
1.05573
1.05576
1.05578
1.05581
1.05584
1.05586
1.05589
1.05591
1.05594
1.05596
1.05599
1.05602
1.05604
1.05607
1.05609
1.05612
1.05615
1.05617
1.0562
1.05623
1.05625
1.05628
1.05631
1.05633
1.05636
1.05639
1.05642
1.05644
1.05647
1.0565
1.05653
1.05655
1.05658
1.05661
1.05664
1.05667
1.05669
1.05672
1.05675
1.05678
1.05681
1.05684
1.05686
1.05689
1.05692
1.05695
1.05698
1.05701
1.05704
1.05707
1.0571
1.05713
1.05716
1.05719
1.05722
1.05724
1.05727
1.0573
1.05733
1.05737
1.0574
1.05743
1.05746
1.05749
1.05752
1.05755
1.05758
1.05761
1.05764
1.05767
1.0577
1.05773
1.05777
1.0578
1.05783
1.05786
1.05789
1.05793
1.05796
1.05799
1.05802
1.05805
1.05809
1.05812
1.05815
1.05818
1.05822
1.05825
1.05828
1.05832
1.05835
1.05838
1.05842
1.05845
1.05848
1.05852
1.05855
1.05858
1.05862
1.05865
1.05869
1.05872
1.05876
1.05879
1.05883
1.05886
1.0589
1.05893
1.05897
1.059
1.05904
1.05907
1.05911
1.05914
1.05918
1.05921
1.05925
1.05929
1.05932
1.05936
1.0594
1.05943
1.05947
1.05951
1.05954
1.05958
1.05962
1.05965
1.05969
1.05973
1.05977
1.0598
1.05984
1.05988
1.05992
1.05996
1.05999
1.06003
1.06007
1.06011
1.06015
1.06019
1.06023
1.06027
1.06031
1.06035
1.06038
1.06042
1.06046
1.0605
1.06054
1.06058
1.06062
1.06066
1.06071
1.06075
1.06079
1.06083
1.06087
1.06091
1.06095
1.06099
1.06103
1.06108
1.06112
1.06116
1.0612
1.06124
1.06129
1.06133
1.06137
1.06141
1.06146
1.0615
1.06154
1.06159
1.06163
1.06167
1.06172
1.06176
1.0618
1.06185
1.06189
1.06194
1.06198
1.06203
1.06207
1.06212
1.06216
1.06221
1.06225
1.0623
1.06234
1.06239
1.06243
1.06248
1.06253
1.06257
1.06262
1.06267
1.06271
1.06276
1.06281
1.06285
1.0629
1.06295
1.063
1.06304
1.06309
1.06314
1.06319
1.06324
1.06329
1.06333
1.06338
1.06343
1.06348
1.06353
1.06358
1.06363
1.06368
1.06373
1.06378
1.06383
1.06388
1.06393
1.06398
1.06403
1.06408
1.06413
1.06419
1.06424
1.06429
1.06434
1.06439
1.06444
1.0645
1.06455
1.0646
1.06465
1.06471
1.06476
1.06481
1.06487
1.06492
1.06497
1.06503
1.06508
1.06514
1.06519
1.06525
1.0653
1.06536
1.06541
1.06547
1.06552
1.06558
1.06563
1.06569
1.06575
1.0658
1.06586
1.06592
1.06597
1.06603
1.06609
1.06614
1.0662
1.06626
1.06632
1.06638
1.06643
1.06649
1.06655
1.06661
1.06667
1.06673
1.06679
1.06685
1.06691
1.06697
1.06703
1.06709
1.06715
1.06721
1.06727
1.06733
1.06739
1.06745
1.06751
1.06758
1.06764
1.0677
1.06776
1.06783
1.06789
1.06795
1.06801
1.06808
1.06814
1.06821
1.06827
1.06833
1.0684
1.06846
1.06853
1.06859
1.06866
1.06872
1.06879
1.06885
1.06892
1.06899
1.06905
1.06912
1.06919
1.06925
1.06932
1.06939
1.06946
1.06952
1.06959
1.06966
1.06973
1.0698
1.06987
1.06994
1.07001
1.07007
1.07014
1.07021
1.07028
1.07036
1.07043
1.0705
1.07057
1.07064
1.07071
1.07078
1.07085
1.07093
1.071
1.07107
1.07115
1.07122
1.07129
1.07137
1.07144
1.07151
1.07159
1.07166
1.07174
1.07181
1.07189
1.07196
1.07204
1.07211
1.07219
1.07227
1.07234
1.07242
1.0725
1.07257
1.07265
1.07273
1.07281
1.07289
1.07296
1.07304
1.07312
1.0732
1.07328
1.07336
1.07344
1.07352
1.0736
1.07368
1.07376
1.07384
1.07393
1.07401
1.07409
1.07417
1.07425
1.07434
1.07442
1.0745
1.07459
1.07467
1.07476
1.07484
1.07492
1.07501
1.07509
1.07518
1.07527
1.07535
1.07544
1.07552
1.07561
1.0757
1.07578
1.07587
1.07596
1.07605
1.07614
1.07622
1.07631
1.0764
1.07649
1.07658
1.07667
1.07676
1.07685
1.07694
1.07704
1.07713
1.07722
1.07731
1.0774
1.0775
1.07759
1.07768
1.07777
1.07787
1.07796
1.07806
1.07815
1.07825
1.07834
1.07844
1.07853
1.07863
1.07872
1.07882
1.07892
1.07902
1.07911
1.07921
1.07931
1.07941
1.07951
1.07961
1.07971
1.07981
1.07991
1.08001
1.08011
1.08021
1.08031
1.08041
1.08051
1.08061
1.08072
1.08082
1.08092
1.08103
1.08113
1.08123
1.08134
1.08144
1.08155
1.08165
1.08176
1.08187
1.08197
1.08208
1.08219
1.08229
1.0824
1.08251
1.08262
1.08273
1.08284
1.08295
1.08306
1.08317
1.08328
1.08339
1.0835
1.08361
1.08372
1.08384
1.08395
1.08406
1.08417
1.08429
1.0844
1.08452
1.08463
1.08475
1.08486
1.08498
1.08509
1.08521
1.08533
1.08544
1.08556
1.08568
1.0858
1.08592
1.08604
1.08616
1.08628
1.0864
1.08652
1.08664
1.08676
1.08688
1.087
1.08713
1.08725
1.08737
1.0875
1.08762
1.08775
1.08787
1.088
1.08812
1.08825
1.08837
1.0885
1.08863
1.08876
1.08888
1.08901
1.08914
1.08927
1.0894
1.08953
1.08966
1.08979
1.08992
1.09006
1.09019
1.09032
1.09045
1.09059
1.09072
1.09086
1.09099
1.09113
1.09126
1.0914
1.09153
1.09167
1.09181
1.09195
1.09208
1.09222
1.09236
1.0925
1.09264
1.09278
1.09292
1.09306
1.09321
1.09335
1.09349
1.09363
1.09378
1.09392
1.09407
1.09421
1.09436
1.0945
1.09465
1.09479
1.09494
1.09509
1.09524
1.09539
1.09553
1.09568
1.09583
1.09598
1.09613
1.09629
1.09644
1.09659
1.09674
1.0969
1.09705
1.0972
1.09736
1.09751
1.09767
1.09782
1.09798
1.09814
1.0983
1.09845
1.09861
1.09877
1.09893
1.09909
1.09925
1.09941
1.09957
1.09973
1.0999
1.10006
1.10022
1.10039
1.10055
1.10072
1.10088
1.10105
1.10121
1.10138
1.10155
1.10172
1.10188
1.10205
1.10222
1.10239
1.10256
1.10273
1.1029
1.10308
1.10325
1.10342
1.10359
1.10377
1.10394
1.10412
1.10429
1.10447
1.10464
1.10482
1.105
1.10517
1.10535
1.10553
1.10571
1.10589
1.10607
1.10625
1.10643
1.10661
1.1068
1.10698
1.10716
1.10735
1.10753
1.10771
1.1079
1.10808
1.10827
1.10846
1.10864
1.10883
1.10902
1.10921
1.1094
1.10958
1.10977
1.10996
1.11016
1.11035
1.11054
1.11073
1.11092
1.11111
1.11131
1.1115
1.1117
1.11189
1.11208
1.11228
1.11248
1.11267
1.11287
1.11307
1.11326
1.11346
1.11366
1.11386
1.11406
1.11425
1.11445
1.11465
1.11485
1.11505
1.11526
1.11546
1.11566
1.11586
1.11606
1.11626
1.11647
1.11667
1.11687
1.11708
1.11728
1.11748
1.11769
1.11789
1.1181
1.1183
1.1185
1.11871
1.11891
1.11912
1.11933
1.11953
1.11974
1.11994
1.12015
1.12035
1.12056
1.12076
1.12097
1.12118
1.12138
1.12159
1.12179
1.122
1.1222
1.12241
1.12261
1.12282
1.12302
1.12323
1.12343
1.12364
1.12384
1.12405
1.12425
1.12445
1.12465
1.12486
1.12506
1.12526
1.12546
1.12566
1.12586
1.12606
1.12626
1.12646
1.12666
1.12685
1.12705
1.12725
1.12744
1.12763
1.12783
1.12802
1.12821
1.1284
1.12859
1.12878
1.12897
1.12916
1.12934
1.12953
1.12971
1.12989
1.13007
1.13025
1.13043
1.13061
1.13078
1.13096
1.13113
1.1313
1.13147
1.13164
1.1318
1.13197
1.13213
1.13229
1.13245
1.13261
1.13276
1.13291
1.13307
1.13321
1.13336
1.13351
1.13365
1.13379
1.13393
1.13406
1.1342
1.13433
1.13446
1.13458
1.13471
1.13483
1.13495
1.13506
1.13518
1.13529
1.1354
1.1355
1.1356
1.1357
1.1358
1.1359
1.13599
1.13608
1.13616
1.13624
1.13632
1.1364
1.13648
1.13655
1.13661
1.13668
1.13674
1.1368
1.13686
1.13691
1.13696
1.13701
1.13706
1.1371
1.13714
1.13718
1.13721
1.13724
1.13727
1.1373
1.13732
1.13734
1.13736
1.13738
1.1374
1.13741
1.13742
1.13743
1.13744
1.13744
1.13745
1.13745
1.13745
1.13745
1.13745
1.13745
1.13745
1.13744
1.13744
1.13743
1.13743
1.13742
1.13741
1.13741
1.1374
1.1374
1.13739
1.13739
1.13738
1.13738
1.13738
1.13737
1.13737
1.13737
1.13737
1.13738
1.13738
1.13739
1.1374
1.13741
1.13742
1.13743
1.13745
1.13746
1.13748
1.1375
1.13753
1.13755
1.13758
1.13761
1.13764
1.13768
1.13772
1.13776
1.1378
1.13784
1.13789
1.13793
1.13798
1.13803
1.13809
1.13814
1.1382
1.13825
1.13831
1.13837
1.13843
1.13849
1.13856
1.13862
1.13868
1.13875
1.13881
1.13888
1.13894
1.139
1.13907
1.13913
1.13919
1.13925
1.13931
1.13937
1.13943
1.13949
1.13954
1.13959
1.13964
1.13969
1.13974
1.13978
1.13983
1.13987
1.1399
1.13994
1.13997
1.14
1.14003
1.14006
1.14008
1.1401
1.14012
1.14013
1.14015
1.14016
1.14017
1.14017
1.14018
1.14018
1.14018
1.14018
1.14018
1.14018
1.14017
1.14017
1.14016
1.14016
1.14015
1.14015
1.14014
1.14014
1.14013
1.14013
1.14013
1.14013
1.14014
1.14015
1.14016
1.14017
1.14019
1.14021
1.14024
1.14027
1.1403
1.14034
1.14039
1.14044
1.1405
1.14057
1.14065
1.14073
1.14082
1.14091
1.14102
1.14114
1.14126
1.14139
1.14154
1.14169
1.14185
1.14202
1.14221
1.1424
1.14261
1.14282
1.14305
1.14328
1.14353
1.14379
1.14406
1.14434
1.14463
1.14493
1.14524
1.14557
1.1459
1.14625
1.1466
1.14697
1.14734
1.14772
1.14812
1.14852
1.14893
1.14936
1.14979
1.15022
1.15067
1.15112
1.15158
1.15205
1.15252
1.153
1.15349
1.15398
1.15448
1.15498
1.15548
1.15599
1.1565
1.15702
1.15754
1.15806
1.15858
1.15911
1.15963
1.16016
1.16069
1.16122
1.16175
1.16228
1.16281
1.16333
1.16386
1.16439
1.16491
1.16543
1.16595
1.16647
1.16698
1.16749
1.168
1.16851
1.16901
1.16951
1.17001
1.1705
1.17099
1.17147
1.17195
1.17243
1.1729
1.17337
1.17383
1.17429
1.17474
1.17519
1.17563
1.17607
1.17651
1.17694
1.17737
1.17779
1.17821
1.17862
1.17903
1.17943
1.17983
1.18022
1.18061
1.181
1.18138
1.18176
1.18213
1.1825
1.18287
1.18323
1.18359
1.18394
1.18429
1.18464
1.18498
1.18532
1.18566
1.18599
1.18632
1.18665
1.18697
1.18729
1.18761
1.18793
1.18824
1.18855
1.18886
1.18917
1.18948
1.18978
1.19008
1.19038
1.19068
1.19097
1.19127
1.19156
1.19185
1.19214
1.19243
1.19272
1.193
1.19329
1.19357
1.19386
1.19414
1.19442
1.1947
1.19498
1.19526
1.19554
1.19582
1.1961
1.19637
1.19665
1.19693
1.1972
1.19748
1.19775
1.19803
1.1983
1.19858
1.19885
1.19913
1.1994
1.19967
1.19995
1.20022
1.20049
1.20076
1.20103
1.2013
1.20158
1.20185
1.20212
1.20239
1.20265
1.20292
1.20319
1.20346
1.20372
1.20399
1.20426
1.20452
1.20478
1.20505
1.20531
1.20557
1.20583
1.20609
1.20635
1.2066
1.20686
1.20711
1.20736
1.20762
1.20786
1.20811
1.20836
1.2086
1.20885
1.20909
1.20933
1.20956
1.2098
1.21003
1.21026
1.21049
1.21072
1.21094
1.21116
1.21138
1.21159
1.21181
1.21202
1.21223
1.21243
1.21263
1.21283
1.21302
1.21322
1.2134
1.21359
1.21377
1.21395
1.21412
1.21429
1.21446
1.21462
1.21478
1.21494
1.21509
1.21523
1.21538
1.21551
1.21565
1.21578
1.2159
1.21602
1.21614
1.21625
1.21635
1.21645
1.21655
1.21664
1.21672
1.2168
1.21688
1.21695
1.21701
1.21707
1.21712
1.21717
1.21721
1.21725
1.21728
1.2173
1.21732
1.21733
1.21734
1.21734
1.21734
1.21732
1.2173
1.21728
1.21725
1.21721
1.21717
1.21712
1.21706
1.217
1.21692
1.21685
1.21676
1.21667
1.21657
1.21647
1.21636
1.21624
1.21611
1.21598
1.21584
1.2157
1.21554
1.21538
1.21522
1.21504
1.21486
1.21467
1.21448
1.21427
1.21406
1.21385
1.21362
1.21339
1.21316
1.21291
1.21266
1.2124
1.21214
1.21187
1.21159
1.2113
1.21101
1.21072
1.21041
1.2101
1.20978
1.20946
1.20913
1.2088
1.20846
1.20811
1.20776
1.2074
1.20703
1.20667
1.20629
1.20591
1.20553
1.20514
1.20474
1.20435
1.20394
1.20354
1.20312
1.20271
1.20229
1.20187
1.20144
1.20101
1.20058
1.20014
1.19971
1.19927
1.19882
1.19838
1.19793
1.19748
1.19703
1.19658
1.19613
1.19568
1.19522
1.19477
1.19432
1.19386
1.19341
1.19296
1.1925
1.19205
1.1916
1.19115
1.1907
1.19026
1.18982
1.18938
1.18894
1.1885
1.18807
1.18764
1.18722
1.18679
1.18638
1.18596
1.18556
1.18515
1.18475
1.18436
1.18397
1.18359
1.18322
1.18285
1.18248
1.18213
1.18178
1.18143
1.1811
1.18077
1.18045
1.18014
1.17984
1.17955
1.17926
1.17899
1.17872
1.17846
1.17822
1.17798
1.17775
1.17753
1.17733
1.17713
1.17695
1.17678
1.17661
1.17646
1.17632
1.1762
1.17608
1.17598
1.17589
1.17581
1.17575
1.1757
1.17566
1.17563
1.17562
1.17562
1.17563
1.17566
1.1757
1.17576
1.17583
1.17591
1.17601
1.17612
1.17624
1.17638
1.17654
1.1767
1.17688
1.17708
1.17729
1.17751
1.17775
1.178
1.17827
1.17854
1.17884
1.17914
1.17946
1.17979
1.18014
1.1805
1.18087
1.18126
1.18165
1.18206
1.18249
1.18292
1.18337
1.18383
1.1843
1.18478
1.18527
1.18577
1.18629
1.18681
1.18734
1.18789
1.18844
1.189
1.18958
1.19016
1.19074
1.19134
1.19195
1.19256
1.19318
1.19381
1.19444
1.19508
1.19572
1.19638
1.19703
1.19769
1.19836
1.19903
1.1997
1.20038
1.20106
1.20175
1.20243
1.20312
1.20381
1.20451
1.2052
1.20589
1.20659
1.20728
1.20798
1.20867
1.20936
1.21005
1.21074
1.21142
1.21211
1.21279
1.21346
1.21414
1.21481
1.21547
1.21613
1.21678
1.21743
1.21807
1.21871
1.21933
1.21995
1.22057
1.22117
1.22177
1.22235
