0
0.00146442
0.00141874
0.00528145
0.00488318
0.00487297
0.00421428
0.0037964
0.0036034
0.0035991
0.00430457
0.00419223
0.00385643
0.00357538
0.00333301
0.00316487
0.00300309
0.00290684
0.00302515
0.00312073
0.0030687
0.00305174
0.00301359
0.00289092
0.00277287
0.00266962
0.00294172
0.00287127
0.00280425
0.00271881
0.00265958
0.00257773
0.00249844
0.00242694
0.00239412
0.00233455
0.0022867
0.00222576
0.002191
0.00218067
0.0021316
0.00213412
0.00220293
0.00215497
0.00212508
0.00207903
0.00205869
0.00201583
0.00199858
0.00197172
0.00193752
0.0019139
0.00189059
0.00195334
0.00210406
0.00208986
0.00205429
0.00202136
0.00198691
0.00196849
0.00196496
0.00193737
0.00191036
0.00188343
0.00185464
0.00182632
0.00180867
0.00178518
0.00176132
0.00173695
0.00173076
0.00170693
0.00168589
0.00166368
0.00164141
0.00161995
0.00160919
0.00162781
0.00162277
0.00160805
0.0015964
0.00158025
0.00156815
0.00154939
0.00156123
0.00154385
0.00155139
0.00153474
0.0015285
0.00151148
0.00149565
0.0014934
0.00151439
0.00150002
0.00148821
0.00147648
0.0014612
0.00144634
0.00147082
0.00147269
