0
0.00797473
0.00614129
0.00434819
0.00380022
0.00353769
0.00327184
0.00283666
0.00250206
0.00224294
0.00209666
0.0019862
0.00184741
0.00179573
0.00177884
0.00170304
0.00166811
0.00158293
0.00149733
0.00150954
0.00148553
0.00142537
0.00136201
0.0013052
0.00125693
0.00139839
0.00139913
0.00135025
0.00132568
0.00133185
0.00135674
0.00133491
0.00130141
0.00127295
0.00124126
0.00121687
0.00118356
0.00116506
0.00113966
0.0011208
0.0010973
0.0010709
0.00106447
0.0010434
0.00102521
0.00104203
0.00103889
0.00103301
0.00101251
0.00100906
0.00107127
0.00106084
0.00104063
0.00102635
0.0010123
0.00100913
0.000991318
0.000974117
0.00095748
0.000941527
0.00093215
0.000917005
0.000905982
0.000916112
0.000902171
0.000916828
0.000905134
0.000891807
0.000879337
0.000882182
0.000869697
0.000862906
0.000869933
0.000862823
0.000851353
0.000842462
0.000843212
0.000836909
0.000827428
0.000828454
0.000819031
0.000808985
0.000799268
0.00078976
0.000781369
0.000773822
0.00076584
0.000758678
0.000757392
0.00074993
0.000742123
0.000778218
0.000770399
0.000765827
0.000758429
0.000756126
0.000748635
0.00074177
0.000735673
0.000734812
