-0.13741
-0.138874
-0.137735
-0.14292
-0.140254
-0.137452
-0.138346
-0.139392
-0.138059
-0.136458
-0.139274
-0.140734
-0.140767
-0.140577
-0.140751
-0.141295
-0.14172
-0.142378
-0.141117
-0.142342
-0.143121
-0.143988
-0.144748
-0.144929
-0.144929
-0.145101
-0.143668
-0.143211
-0.142777
-0.143006
-0.143404
-0.143288
-0.143302
-0.143425
-0.143847
-0.144039
-0.14431
-0.144295
-0.143978
-0.14442
-0.144277
-0.144754
-0.145468
-0.14536
-0.145641
-0.145588
-0.145904
-0.14586
-0.146171
-0.14594
-0.146077
-0.145846
-0.146069
-0.145458
-0.144591
-0.144905
-0.144982
-0.144875
-0.144855
-0.145097
-0.144761
-0.144631
-0.144508
-0.144617
-0.144578
-0.144573
-0.144761
-0.144652
-0.14474
-0.144798
-0.14505
-0.145086
-0.144994
-0.145044
-0.145058
-0.145088
-0.144905
-0.145261
-0.145486
-0.145351
-0.145514
-0.145618
-0.145767
-0.145775
-0.145469
-0.145521
-0.145242
-0.145184
-0.145
-0.145013
-0.144962
-0.145167
-0.144834
-0.14476
-0.14465
-0.144756
-0.144764
-0.144783
-0.144445
-0.144666
