-0.42515
-0.433125
-0.437189
-0.437411
-0.439171
-0.44087
-0.439541
-0.439407
-0.439365
-0.439215
-0.439744
-0.440275
-0.440001
-0.440548
-0.43994
-0.439577
-0.439105
-0.439284
-0.439292
-0.438781
-0.439162
-0.439322
-0.43933
-0.439274
-0.439386
-0.438681
-0.438298
-0.438224
-0.438469
-0.438835
-0.438409
-0.438646
-0.438786
-0.438949
-0.439062
-0.438902
-0.438911
-0.439085
-0.438979
-0.43883
-0.438926
-0.438936
-0.439135
-0.439219
-0.439115
-0.439399
-0.439598
-0.439779
-0.439819
-0.439635
-0.440046
-0.440194
-0.440193
-0.440296
-0.440198
-0.440372
-0.440362
-0.440371
-0.440365
-0.440349
-0.440242
-0.440246
-0.440328
-0.440118
-0.440096
-0.440322
-0.440384
-0.440396
-0.440365
-0.44053
-0.440537
-0.440633
-0.440813
-0.440904
-0.44089
-0.440827
-0.440967
-0.441054
-0.441098
-0.440961
-0.440924
-0.440926
-0.440914
-0.440904
-0.440943
-0.440992
-0.440954
-0.440905
-0.4408
-0.440761
-0.440788
-0.441047
-0.441016
-0.441091
-0.441059
-0.441151
-0.441173
-0.441139
-0.441093
-0.441191
