1 0.00514909 0.14487 0.103602 1.21883
2 -0.0454329 0.0681148 0.130731 0.714012
3 -0.206516 0.0409517 -0.513707 1.08756
4 -0.172123 0.0267891 -0.436775 0.738547
5 -0.304699 0.0256588 0.853895 0.68707
6 -0.279127 0.0284516 0.741111 0.554213
7 -0.345884 0.029463 0.718726 0.578247
8 -0.215925 0.0312821 0.939094 0.568106
9 -0.32123 0.0179483 0.730416 0.689492
10 -0.318498 0.0354383 -0.362776 1.08949
11 -0.386373 0.0151114 -0.628119 0.682935
12 -0.313131 0.0375825 -0.805079 0.622287
13 -0.419891 0.00846603 -0.721823 0.738583
14 -0.279404 0.0316287 0.857133 0.570573
15 -0.422769 0.00634155 0.738399 0.671823
16 -0.379347 0.0148896 0.955619 0.657778
17 -0.344158 0.0302168 0.485169 0.845133
18 -0.363994 0.0138047 0.953462 0.595339
19 -0.386688 0.0106601 0.737671 0.715605
20 -0.383541 0.0160651 0.939069 0.57763
21 -0.391708 0.00785795 0.879837 0.609525
22 -0.377833 0.0165889 0.792501 0.638498
23 -0.429929 0.00309598 0.704227 0.693056
24 -0.417706 0.0065112 0.7153 0.700386
25 -0.405713 0.00423345 0.720718 0.713931
26 -0.393278 0.0040015 0.698005 0.64072
27 -0.405705 0.0153561 0.839391 0.667104
28 -0.411691 0.00757033 0.871377 0.689491
29 -0.368872 0.00378089 0.921853 0.63456
30 -0.400045 0.0133921 0.834003 0.635044
31 -0.402308 0.0185572 0.758977 0.637475
32 -0.377912 0.00787033 0.715426 0.692602
33 -0.414706 0.00591873 0.753314 0.688999
34 -0.415533 0.00230654 0.76311 0.683263
35 -0.37297 0.0123901 0.705229 0.774637
36 -0.401522 0.00952685 0.777053 0.656672
37 -0.379324 0.00626827 0.827672 0.61745
38 -0.443175 0 0.827672 0.61745
39 -0.443175 0 0.827672 0.61745
40 -0.434722 0.00519488 0.801858 0.657843
41 -0.431844 0.0019241 0.8333 0.643865
42 -0.403515 0.0108256 0.6193 0.793446
43 -0.39497 0.00864133 0.72696 0.665027
44 -0.420998 0.0074353 0.786931 0.594535
45 -0.43826 0.000251159 0.78961 0.5953
46 -0.425465 0.00789354 0.720202 0.671136
47 -0.417386 0.00156586 0.712702 0.651804
48 -0.404826 0.0119721 0.654983 0.618375
49 -0.396979 0.00520154 0.838468 0.720319
50 -0.404728 0.0118721 0.861189 0.630278
51 -0.431031 0.00140762 0.837705 0.6293
52 -0.435268 0.00333683 0.808198 0.63292
53 -0.439719 0.0016876 0.829401 0.637094
54 -0.392809 0.00884235 0.827609 0.594757
55 -0.401537 0.00964378 0.760471 0.55727
56 -0.412461 0.00285379 0.749562 0.641084
57 -0.42384 0.00510222 0.738588 0.636244
58 -0.429501 0.00159274 0.787734 0.635026
59 -0.435857 0.00182947 0.828773 0.647288
60 -0.419274 0.00318467 0.904958 0.617179
61 -0.378124 0.0152474 0.874949 0.615202
62 -0.419094 0.00324101 0.883437 0.649988
63 -0.438405 0.00379878 0.812562 0.614863
64 -0.419854 0.0129431 0.859574 0.692115
65 -0.414001 0.00733397 0.755029 0.567677
66 -0.430549 0.00514762 0.770973 0.6226
67 -0.43386 0.000108666 0.751149 0.646481
68 -0.435779 0.000463037 0.760289 0.638917
69 -0.433138 0.00224233 0.750367 0.59695
70 -0.408422 0.0118812 0.870851 0.613716
71 -0.427255 0.000564376 0.750749 0.586085
72 -0.419465 0.00257924 0.71891 0.593931
73 -0.431058 0.00340396 0.82412 0.588802
74 -0.435557 0.000244452 0.788105 0.663724
75 -0.4286 0.0023763 0.787953 0.691378
76 -0.429831 0.00492828 0.849543 0.583523
77 -0.437519 0.00322618 0.822925 0.605909
78 -0.434235 0.00497129 0.790883 0.576783
79 -0.439535 0.00128368 0.817926 0.597662
80 -0.441625 0 0.817926 0.597662
81 -0.432933 0.00271984 0.863923 0.624332
82 -0.416519 0.00385217 0.893599 0.608972
83 -0.418134 0.0074247 0.774802 0.641121
84 -0.424905 0.00249098 0.726981 0.658769
85 -0.417327 0.00236057 0.727849 0.570235
86 -0.42558 0.00550123 0.766658 0.649045
87 -0.417322 0.003717 0.801594 0.631698
88 -0.44282 9.36713e-05 0.79532 0.626891
89 -0.439514 0.00135435 0.753614 0.600525
90 -0.433913 0.000668183 0.810514 0.658431
91 -0.411908 0.00365913 0.739095 0.67878
92 -0.422241 0.00274185 0.864479 0.634325
93 -0.423986 0.00226423 0.759434 0.648399
94 -0.410013 0.0118654 0.80423 0.599161
95 -0.430418 0.0047547 0.702867 0.633125
96 -0.425798 0.00272769 0.750951 0.637463
97 -0.421438 0.00631181 0.692138 0.679325
98 -0.401582 0.00333198 0.854949 0.565341
99 -0.425892 0.00396247 0.776955 0.628487
100 -0.443982 0 0.776955 0.628487
101 -0.440709 0.00252867 0.833952 0.571756
102 -0.438154 0.000156216 0.838533 0.58856
103 -0.438472 7.17483e-05 0.775158 0.611788
104 -0.438552 0 0.775158 0.611788
105 -0.438874 0.0002878 0.795269 0.606064
106 -0.44177 0 0.795269 0.606064
107 -0.44177 0 0.795269 0.606064
108 -0.439168 0.00173015 0.763392 0.655389
109 -0.443148 0.00309249 0.809378 0.610517
110 -0.448521 0 0.809378 0.610517
111 -0.420988 9.05326e-05 0.790744 0.676055
112 -0.424462 0.000885463 0.856234 0.654656
113 -0.433417 0.00453505 0.814714 0.597297
114 -0.440807 0.000796267 0.755335 0.644132
115 -0.435409 0.000912941 0.793467 0.629776
116 -0.4439 0.001017 0.760258 0.594764
117 -0.438247 0.000837634 0.816787 0.653122
118 -0.439247 0.00122803 0.790058 0.59341
119 -0.431078 0.00585938 0.743654 0.710268
120 -0.425283 0.0105548 0.810326 0.622683
121 -0.444484 0 0.810326 0.622683
122 -0.444484 0 0.810326 0.622683
123 -0.434951 0.00240579 0.795071 0.653857
124 -0.441177 0.000319951 0.798013 0.604397
125 -0.442135 0.000537053 0.787245 0.589249
126 -0.444653 0 0.787245 0.589249
127 -0.443519 0.00101397 0.817416 0.584115
128 -0.43294 0.000337092 0.860808 0.613287
129 -0.433591 0.00282686 0.800737 0.625844
130 -0.441434 0.000490864 0.811473 0.589296
131 -0.440401 0 0.811473 0.589296
132 -0.440401 0 0.811473 0.589296
133 -0.440844 0.000248935 0.819484 0.609472
134 -0.441704 0 0.819484 0.609472
135 -0.438917 0.000443705 0.808737 0.595548
136 -0.433122 0.00013594 0.740994 0.62695
137 -0.434052 0.000906386 0.771996 0.598178
138 -0.43665 0.000172396 0.842287 0.634894
139 -0.435526 0.00207555 0.801008 0.609704
140 -0.445695 0 0.801008 0.609704
141 -0.445695 0 0.801008 0.609704
142 -0.445695 0 0.801008 0.609704
143 -0.445055 0.000573034 0.804585 0.654156
144 -0.441119 0 0.804585 0.654156
145 -0.445043 7.16271e-05 0.780595 0.623266
146 -0.445123 0 0.780595 0.623266
147 -0.445123 0 0.780595 0.623266
148 -0.441874 0.00072649 0.801547 0.597576
149 -0.440926 0.000320229 0.826027 0.639208
150 -0.44151 0.000790871 0.778186 0.620793
151 -0.445635 0 0.778186 0.620793
152 -0.441697 0.00352224 0.828606 0.655993
153 -0.426718 0.00169315 0.807721 0.661911
154 -0.43115 0.000745303 0.765249 0.661377
155 -0.432148 0.000586578 0.807505 0.655573
156 -0.433476 0 0.807505 0.655573
157 -0.433476 0 0.807505 0.655573
158 -0.431963 0.0013897 0.83294 0.638345
159 -0.439322 0 0.83294 0.638345
160 -0.441507 0.000632363 0.763719 0.612443
161 -0.442633 0 0.763719 0.612443
162 -0.431213 0.00625467 0.794046 0.693291
163 -0.431254 0.00209409 0.848248 0.613787
164 -0.436908 0.00129436 0.828658 0.627545
165 -0.439846 4.21504e-05 0.754677 0.609387
166 -0.439917 0 0.754677 0.609387
167 -0.439917 0 0.754677 0.609387
168 -0.439917 0 0.754677 0.609387
169 -0.438987 0.000776323 0.822963 0.594514
170 -0.448219 0 0.807479 0.608901
171 -0.448219 0 0.807479 0.608901
172 -0.443237 0.00445515 0.739822 0.590074
173 -0.431062 0.00428732 0.810817 0.617221
174 -0.441758 0.0027534 0.744398 0.673671
175 -0.427155 0.00144935 0.739922 0.599888
176 -0.43285 0.00273226 0.78936 0.602563
177 -0.445069 0 0.78936 0.602563
178 -0.436604 0.00318495 0.75344 0.582237
179 -0.434492 0.00359138 0.78521 0.606361
180 -0.445764 6.05618e-05 0.792784 0.616913
181 -0.445832 0 0.792784 0.616913
182 -0.445832 0 0.792784 0.616913
183 -0.445832 0 0.792784 0.616913
184 -0.445832 0 0.792784 0.616913
185 -0.445832 0 0.792784 0.616913
186 -0.445832 0 0.792784 0.616913
187 -0.445173 0.000254265 0.784683 0.596617
188 -0.438642 0.00145283 0.852576 0.600307
189 -0.431105 2.08612e-05 0.844231 0.587478
190 -0.441856 0.0017317 0.786508 0.618968
191 -0.443792 0 0.786508 0.618968
192 -0.443792 0 0.786508 0.618968
193 -0.443014 0.00043704 0.814093 0.618954
194 -0.441307 0.000176135 0.767861 0.622796
195 -0.439042 0 0.767861 0.622796
196 -0.439042 0 0.767861 0.622796
197 -0.438327 0.000163114 0.792424 0.649608
198 -0.438102 0 0.792424 0.649608
199 -0.435214 0.000540309 0.826935 0.587105
200 -0.437934 0.0014095 0.771312 0.620721
