1
1.03976
0.451552
0.755437
-0.771811
0.96518
1.64108
-1.45095
1.29758
1.34123
-0.61606
-0.474672
-0.694921
-1.62255
1.26576
0.868885
-1.13309
-0.185656
0.932496
1.34283
-0.126516
0.921598
-1.11696
-1.53074
0.600184
0.982547
-0.368756
1.61093
1.46727
-1.46942
0.517855
-1.58364
0.805413
1.20683
-0.567256
0.253689
0.549843
1.10033
0.625797
-1.42722
0.66013
-0.718222
-0.523277
0.90457
1.26838
-1.10511
-1.15918
1.85488
0.959961
1.05263
0.556508
-1.5585
-0.237072
-0.325077
-1.43116
-1.10472
1.48088
-0.784517
-1.13015
1.30333
-1.1139
0.481998
-0.618145
-0.520418
-0.00894602
-0.976851
0.842676
-0.818644
-0.773165
0.123976
-1.09907
1.44767
-0.277621
0.737264
-0.572772
-0.603212
0.962637
-1.11362
-1.41377
-0.82845
-0.525563
0.304056
1.16566
1.15081
-0.780272
-0.214966
0.715133
0.789638
0.612935
-1.05462
0.622323
-0.176409
-0.700368
1.52375
-1.57795
0.97592
-0.283269
0.970561
0.330811
-0.968441
-0.765115
-0.68813
0.691752
-0.952579
1.13942
0.626567
0.802015
1.1719
-0.498271
1.14574
-0.68398
0.154334
1.50095
0.668701
-0.426523
-1.35718
0.548152
0.702302
0.573753
1.07648
0.688481
0.896791
1.44357
-1.27268
-1.40407
0.731307
1.09211
-1.21261
0.627217
-0.8393
-1.18752
1.01229
1.23306
0.846936
-0.649204
-1.25843
1.80609
0.612071
0.317912
0.717523
0.725632
-1.72366
1.29711
0.310276
1.55214
0.936547
-0.782923
0.645838
-1.91979
-0.356215
1.05434
1.48483
-1.14415
0.490916
-0.475963
-0.395297
1.21987
-1.43335
1.30584
-0.447369
-1.50796
0.0666974
-0.707077
1.49155
-1.47736
-1.71348
0.474889
0.741174
1.74899
0.265327
0.174528
0.661574
-0.573612
0.54691
1.60123
1.42636
1.25546
-1.28095
-0.0974519
-1.10854
-0.388019
-0.409429
-0.765373
-1.50962
0.168793
1.30248
1.2867
-0.525405
0.798564
-1.2207
-1.19136
-1.01887
1.18328
0.388906
0.245961
1.22635
-1.05928
1.55704
-0.392105
0.994106
0.1181
0.994924
0.918706
-1.07776
-1.52335
1.23983
-0.930343
-0.472377
-1.37654
0.595414
-0.556358
-2.23378
-0.780988
-1.12126
0.609115
0.583612
-1.6037
-0.705316
-1.76107
0.65309
0.816746
-1.58988
-0.35161
-0.494317
0.873916
1.27668
-1.03385
1.17117
-1.28686
-0.8438
0.738489
0.782305
-0.445697
-0.932829
0.715321
-1.17233
-0.848807
0.85082
0.282704
1.23334
-0.087249
-1.5331
-0.553579
0.803423
1.4364
1.08251
-1.19901
0.904173
-0.624907
-1.21511
-0.72696
1.12151
0.861219
0.113979
0.836739
0.95694
0.820803
0.722503
0.986011
-0.817998
1.14262
1.52228
0.786614
0.724631
0.230954
-0.845442
-1.44774
-1.0288
-1.4195
-0.550513
-0.28146
-0.0264074
-1.65498
0.322516
-0.69257
0.932023
-1.28141
-0.359534
0.92871
-1.17308
1.58526
0.847505
-0.51839
-0.555832
1.60546
-1.38166
1.24567
0.758952
-0.798877
-1.48604
-0.815015
0.763464
1.72257
-1.07766
1.26855
0.614768
-0.578563
-1.53514
-1.3459
-1.22322
0.581891
-0.996132
0.976137
0.681259
-0.471693
-1.07921
0.489942
0.615238
1.51503
1.15156
0.746977
-0.791199
-1.39165
-0.780429
1.07675
-1.21858
0.578892
-1.72963
-0.649743
0.714534
0.0819141
-1.39867
-1.26911
-0.879449
-0.778934
0.388376
-0.623667
-0.324304
0.561024
-1.22879
-1.09147
-1.06171
-0.609213
-1.92803
1.14308
0.822981
0.444546
-0.401521
0.455651
-0.00982563
-0.7502
0.672374
-0.921618
-0.499837
-1.10417
-0.565825
-0.653505
-0.578259
0.542045
-0.122826
0.28704
-1.86141
-0.765891
-0.507273
-1.21895
-0.801212
-1.26206
-1.05272
0.424411
-0.373373
1.06024
-0.80839
1.1462
0.579453
-1.39484
-0.83763
0.588177
-1.00409
-0.219132
-0.0361635
-0.412051
-0.368947
-0.688121
-1.30827
1.17326
-1.39646
-0.838091
0.932243
-0.722197
-0.801125
-0.113839
-0.394356
0.0372018
-1.12488
1.22995
0.226212
-0.560196
0.878008
1.43366
-1.32204
1.14516
-0.461483
0.140199
-0.836445
0.658417
-0.982946
-1.01469
0.725927
-0.318929
-0.637099
0.330754
-1.31095
-0.77578
1.83828
-0.0507695
0.00704526
-1.14428
-1.1564
1.00836
-0.200461
0.595025
-1.4851
0.284045
0.708152
1.46693
-1.0637
1.36688
-0.534279
0.753466
0.793642
-0.410535
-1.49963
0.331582
0.70335
1.39113
-0.878491
-0.858262
0.801489
-0.696184
-1.17237
-1.14508
0.746952
-0.807873
0.740032
1.12338
-0.682549
-0.470754
-0.506473
0.54941
1.39321
0.75308
0.571388
1.01713
-0.929877
1.26433
-0.802094
0.768611
-0.781296
-0.94638
1.15888
-1.72316
1.05361
1.61211
-1.32698
-0.669862
0.429773
0.733399
1.3771
1.22333
-1.28262
0.7627
0.925627
-0.690058
-1.22612
-0.630304
1.27788
0.942356
0.981473
0.651005
2.14902
-0.275178
0.871605
-0.9747
-0.82619
-0.501057
-0.617818
0.645325
1.27734
-1.16542
1.64219
1.17904
-1.17923
1.09256
0.861303
-0.56263
-0.306962
-1.34331
-0.0372793
-0.714042
-0.413666
0.477421
-0.646471
-1.19965
-0.381086
0.0672316
-1.32873
-1.45564
0.643626
-0.67009
-0.764637
-0.125209
1.01818
-0.502219
0.864806
-1.04331
0.618965
1.27959
0.793772
0.811336
1.4392
1.24902
-0.634614
-0.526651
-1.40087
-0.475087
-1.36259
-1.09629
-1.66838
0.736977
-0.140537
0.432455
-1.04853
1.34602
1.49275
-1.31316
0.533653
-0.430202
-0.910233
0.979717
-0.602943
0.230484
0.463273
-1.35391
-1.09105
-1.46204
0.438262
-0.654622
0.313465
0.858723
1.55592
0.443807
0.52279
-0.769276
-1.00105
0.925983
-1.78184
1.05573
0.496028
-0.819945
-1.54925
0.616802
-1.16564
0.827898
-1.27178
0.746663
0.906225
1.30409
1.08321
0.733123
-1.21784
1.07584
-1.11688
0.552465
-0.714434
0.713253
1.14408
1.15519
0.841453
-0.641784
-0.768644
0.831274
-1.48459
1.03835
-0.764361
0.798297
0.898245
0.80808
-1.36873
1.15365
-1.07216
-1.384
0.979316
-0.473783
0.931679
-0.931839
-1.16387
-0.0428359
0.509911
0.350816
-1.39982
0.915101
0.498
0.334861
0.727033
-0.848292
-0.888105
1.50663
-0.596881
-1.02121
-0.942396
1.04088
-0.731879
1.48549
-0.0695969
0.419034
-0.622735
0.0948719
1.39653
0.996808
-1.3103
1.84337
1.01541
0.574086
-1.02882
-0.356463
0.536714
-0.307764
-1.82505
0.940258
-1.16873
0.774487
1.3734
0.246153
0.263324
1.19851
-0.223834
-1.47795
-1.34652
0.485045
0.544673
0.474276
1.1574
1.07767
1.04654
-0.344766
-0.313402
-1.57733
0.730159
-0.06579
0.967946
0.825906
-0.675263
0.454395
-1.33378
-1.1565
-0.630643
1.4297
0.656623
0.317157
-1.54569
0.449748
-0.701482
-0.500422
-1.27414
0.783286
-1.01307
-0.0869759
0.571518
0.989319
1.33832
-1.49676
0.422409
0.992489
1.31977
0.828657
0.794688
-0.481038
1.2427
0.66662
0.672117
1.62718
-0.699765
-0.370826
0.849734
0.741454
-0.883865
-1.36083
-1.33423
0.21613
-0.645985
0.621713
-0.708825
-0.744248
0.327931
1.28998
-0.952159
-0.446642
1.08035
1.14652
-1.56173
-1.15597
0.706983
-1.21715
-1.274
-0.690275
-0.263334
0.975291
-0.600221
-0.607796
-0.252745
-0.515212
-1.13539
-0.362697
-0.712914
-1.63401
1.03097
1.63148
-0.647424
-1.003
1.48416
0.58133
-1.13495
0.934726
1.62338
-1.04466
-0.358777
0.198734
-1.28295
-0.944864
0.0865928
-2.00954
-0.628623
-1.86052
0.44519
1.15301
0.387358
1.19916
1.4251
-0.185168
-1.52956
-0.710091
0.24899
-0.85881
-1.14487
1.2424
-1.36464
1.36327
-0.10844
-0.419728
-0.723662
-1.30594
0.987166
0.940587
-1.01688
1.28867
-1.31612
-0.0918083
-0.713788
0.763347
-1.34353
1.31281
-0.365721
1.55476
-1.84833
-1.04464
0.687934
1.47275
0.911619
-0.877097
0.448045
0.367801
0.510072
0.298142
-0.402039
1.44414
-1.80322
0.451636
0.755033
0.996345
0.974783
0.464965
-1.1673
-0.995947
1.25674
-1.19682
1.01558
0.129715
1.32152
1.58686
0.282059
-1.56355
-1.37127
1.27276
-0.545789
0.41423
1.01909
-0.784121
-0.883828
-1.34547
-1.22294
-0.464124
1.5726
1.55108
-0.886173
1.142
-0.877854
1.02262
0.664285
-1.37059
1.01147
-1.46035
-0.539444
-1.2297
-0.607326
-0.404174
-0.455037
0.987055
-1.47366
1.01068
-0.754088
1.26968
-0.302032
-1.24584
1.14834
-0.537943
1.43826
-1.49601
0.89901
0.0454825
1.04161
1.32797
-0.325453
-1.03528
1.07155
0.329178
1.45152
0.571832
-0.180986
1.40812
0.1827
-1.08416
0.228238
-1.14992
-0.757079
1.41001
1.51
0.421805
0.613145
-0.602647
-1.66216
-0.598276
-0.935121
-0.816431
-1.44876
0.918582
-0.943824
0.848729
-0.33666
-0.680376
-1.36836
-0.945332
-1.16434
1.06047
-0.680889
-1.73487
-0.979384
-1.54574
-1.04648
-0.930194
1.01257
0.652335
0.238571
-1.42769
0.830147
1.45161
0.399721
0.486377
-1.05562
0.977858
0.363185
-1.08538
0.560363
0.896717
-0.59242
-0.982501
-0.530929
0.19443
-0.521978
0.324156
0.707894
-1.58394
0.187254
0.508493
-1.01437
-0.760484
-0.981331
-0.858874
1.24786
-0.422993
1.4007
0.628432
0.795832
1.31036
1.24331
-1.23052
-1.68575
-0.728242
-0.665776
-1.77909
1.45604
0.706735
-1.27422
-1.40051
-0.78591
0.766514
-1.10666
0.841391
-0.883467
0.510096
1.31124
-1.02548
0.804637
-1.47413
-0.931714
1.41293
1.66349
-0.613127
-0.839155
-0.974649
0.767369
1.0677
1.51869
1.36222
-1.02658
1.53755
-1.13863
-0.796238
0.715698
-0.362008
1.08188
1.08883
0.35066
-1.04533
0.618154
1.12064
-0.396143
0.894156
-0.822576
-0.962101
0.521774
0.555185
0.118232
-0.706352
-0.763127
0.810877
0.725062
0.173488
1.30125
-1.1205
-0.558667
-0.699536
1.02083
-0.549755
-0.0396949
0.25364
0.88064
1.48615
-1.14047
1.01993
-0.893449
-1.23406
-1.03136
-0.246196
0.603438
-0.924186
-1.20641
-0.808628
1.41419
-0.908982
-0.910249
-1.03835
-1.10111
-1.00227
-1.36326
1.69058
-0.410359
1.43253
1.31399
-1.13216
0.592735
1.70741
-0.85658
-1.02758
1.3799
-1.53839
-0.15135
-0.634146
1.05489
0.803884
0.617304
-0.849657
1.05718
1.22916
-0.43478
-0.764839
0.357283
0.717811
-0.486664
1.17299
0.653812
-0.0737521
-1.51938
-1.53288
0.654138
0.742515
0.456298
-0.353609
-1.87703
1.25445
-0.414549
1.18679
-0.850588
-0.543464
0.656477
-0.835373
-0.985727
-0.695369
-1.15079
0.798788
-1.68585
0.193294
-0.715145
1.60923
0.409141
-1.25482
1.10764
-1.73335
-1.22543
0.465371
1.23662
1.00529
-1.07816
-0.591151
1.53015
1.18836
0.761113
-0.570786
-0.753688
1.38753
-0.978905
1.54604
0.475782
0.917171
1.11181
-0.609718
1.48937
-0.474164
0.627772
-0.641882
1.53085
-0.235687
-0.749952
-0.952796
-0.577098
0.242955
-1.08976
-1.0381
1.11312
-0.0637395
0.815863
-0.112931
-1.76712
0.811369
-0.466233
-1.15594
0.205317
-0.661292
0.680754
1.18397
1.2688
0.670064
1.06285
0.819945
-1.06144
-0.325671
-0.375565
-0.310928
0.608106
0.816091
1.42841
0.298228
0.747643
-0.591754
-0.916493
-0.710564
0.894004
1.12026
-1.07521
1.3889
0.790198
0.321229
1.44828
-1.00739
-1.00776
-1.50213
0.980858
-0.908224
-0.344062
-1.11516
0.675083
-0.94226
0.764765
-0.322091
0.676716
0.947712
0.612615
-0.735421
0.827165
0.923941
1.25124
-0.863506
-1.52934
1.37577
1.71588
-1.06892
1.25982
-1.23406
-0.354118
1.36591
-1.06098
0.999946
1.05135
-0.811711
-0.737954
-1.06606
0.79051
0.432855
-1.38949
-1.41296
0.801548
-0.39821
0.963132
1.64324
0.636613
1.01678
0.550071
1.24166
-0.594553
-1.54179
-0.838484
1.05909
-0.326844
0.643885
0.514836
1.56021
0.30858
0.779468
-1.37054
-0.726653
1.14557
-1.55863
0.976712
-1.61915
-0.681317
-0.375269
0.993257
1.1332
-1.04176
-1.29768
-1.52429
1.58202
-1.09774
-0.877096
1.17874
0.35011
-0.979222
-0.858004
-0.748122
-0.38003
1.53673
0.435589
1.53607
0.435356
0.940906
1.10076
1.04982
-1.66456
1.33499
0.137093
-0.677609
-1.20711
0.901266
0.829948
-1.04989
-0.393142
0.709638
-1.37192
-0.676193
0.168667
-1.15676
-1.41911
-0.108344
1.30509
0.651798
-1.16863
0.600947
-1.90679
1.69348
-0.0306646
0.832063
0.872657
0.554446
-0.332404
-1.05458
1.5256
0.538653
-0.872754
-1.32036
1.51629
1.48181
0.760404
0.301695
0.737466
-1.15292
-1.73402
1.02439
1.11651
-0.932412
-0.548742
-0.439995
0.832011
0.937533
0.421859
0.73751
-1.14754
-1.04971
0.702433
-1.35706
-0.585661
-0.81772
-1.38869
0.197552
0.73269
-1.315
-0.297852
-1.16778
-1.1649
-1.42452
-0.717456
-1.29481
-0.801911
0.162415
1.51364
-1.39861
0.979553
0.937363
-0.82677
-1.49454
1.66999
-1.13463
0.316054
-0.742156
-0.832138
0.627735
0.871469
0.665572
1.31146
-1.5171
1.37352
1.58048
-1.43512
1.09819
1.33098
-0.80117
1.14158
0.725828
0.664678
0.75081
-1.23576
0.329624
-0.997649
1.51736
0.505156
-0.878011
-0.65533
0.440748
1.58575
-1.34612
-1.02055
0.947065
1.05526
-0.88014
0.673518
-1.08789
1.23733
-0.657316
0.987819
-1.07221
0.136642
1.26642
-0.966156
-0.958032
-0.984083
-1.2938
0.303395
1.07734
-0.650406
1.45579
-0.86789
-0.294863
1.04623
-0.387029
-1.27369
0.191011
-1.07214
-2.01481
0.149945
-1.28085
1.50064
-1.44822
-1.19504
-0.689749
0.629717
-1.28474
-0.985386
0.737552
-1.38754
1.09394
-0.352113
-1.02181
0.713927
0.271733
1.08303
-0.587854
1.2683
-1.12326
0.805489
-0.293946
0.801904
1.13342
-0.752143
-0.65418
-0.55538
0.182312
-1.5976
1.13337
1.22864
0.744605
-1.63601
1.16947
-1.11675
-0.324689
-0.796964
-0.856725
1.21132
-1.39623
0.681016
-0.688658
-0.448569
-0.478488
0.78455
0.603646
0.606995
-1.44945
-1.14125
0.834523
-1.51628
1.1816
-0.0523168
-1.51363
0.907494
1.04489
0.35368
-1.15071
1.01838
1.37868
-1.54571
0.554988
1.06196
1.06212
-0.980798
-0.887409
1.70001
1.16816
-1.04315
1.13823
-0.506595
-0.801675
1.29595
0.460658
-0.95883
1.33634
0.260882
1.10019
0.510696
-1.17765
0.691093
-1.48163
1.54348
-0.688019
1.22781
-1.18812
-1.50169
-0.950048
0.0422341
-0.440355
1.40342
0.6261
0.60101
-0.690075
-1.31249
-1.1603
-1.41046
0.558712
-1.55252
1.01292
-1.05472
0.67157
0.964765
-1.36441
0.767093
1.42238
-0.349305
-0.857143
0.0737923
-1.67534
-1.6277
1.08514
0.947435
-0.805539
-0.898815
-1.16255
-1.74203
0.746541
0.472138
-1.29263
0.992831
-0.701002
1.06633
0.489062
1.59096
0.775291
-1.70147
-0.00202493
0.772017
-0.555751
0.644239
1.20657
-0.757038
0.515524
-0.346506
-1.08841
-0.213708
-0.876311
-1.01804
-0.230261
1.20552
-1.23055
0.83216
-0.744173
-0.59344
-0.56342
-0.715201
1.21315
-0.829817
-1.30617
-0.695491
1.35542
-0.599197
-0.160266
0.251615
-1.07576
-0.178331
1.05066
1.35314
1.19976
0.194644
-0.685669
-0.520596
-0.975045
-1.80122
0.787239
0.662493
0.859079
1.28402
0.350936
-0.862516
-0.900991
-0.618369
-1.41274
1.16316
-0.776573
1.03676
0.302741
0.961488
1.15233
0.0276192
1.06745
0.87278
1.84793
-1.68841
1.03952
-0.383709
1.02942
-0.743539
0.8617
0.465558
-0.51246
-1.12613
0.834971
-0.742669
-1.23548
-1.04139
1.34079
-1.05774
0.926023
0.956694
-0.485896
0.714603
0.158032
1.40646
-0.804051
-1.67679
1.20273
-0.376471
-1.38041
0.524498
0.561413
-1.18096
-1.33359
-1.26007
-1.30435
0.308636
-1.10237
0.0891432
-1.3709
0.719097
-0.40217
-0.565404
-1.60171
-0.984825
0.675954
1.13862
-1.04359
0.837976
1.50326
-1.17472
-0.4628
0.59263
1.10799
0.614938
-2.01895
-0.79315
0.459873
1.26767
-0.686011
0.854928
-0.424471
-1.27867
0.419206
1.08878
-1.00363
0.559409
-0.0293942
1.40496
-1.31681
-1.01377
-1.01247
-0.274751
-0.707515
-0.740413
-1.30193
1.29823
-1.41376
0.649341
0.0249188
-0.930924
1.1635
0.88958
-0.164141
0.864831
0.329346
1.54898
1.37401
-0.74697
-0.917706
0.30119
0.572111
0.371051
0.504024
1.61993
0.579154
-1.14685
0.263595
-0.768253
1.06102
-0.848496
-1.54226
0.547965
0.513355
-1.05027
0.821256
0.218736
-0.278838
-1.24322
-1.44555
-1.26105
0.526591
-0.659571
-1.68434
0.864944
0.985067
-1.19148
1.06545
-1.11029
0.487835
-0.833707
0.845839
-0.469025
-1.35281
1.12028
-0.740159
1.30947
1.69473
0.160406
0.281174
-0.529983
0.780676
-1.01961
-0.232421
-0.63548
-0.486641
0.336136
-1.16603
-0.588079
-1.54958
0.849798
-0.833697
1.61001
0.331171
0.530756
-1.0629
-0.0724978
-0.965498
-1.45726
0.942154
0.743295
0.590465
-1.15232
0.549516
0.665301
-0.888792
-1.22885
0.470131
1.5309
1.41381
-1.20057
1.04805
0.862854
-1.21946
0.64075
-1.48978
-0.50455
0.867367
0.442429
0.694045
0.961542
-0.974254
1.38839
-0.376939
-0.821373
0.358175
1.41295
0.55856
1.00347
-0.589608
1.07777
-0.204861
1.50768
0.541685
1.49717
-0.369923
-1.13143
1.1368
1.38821
0.790205
1.74693
0.832951
-1.27451
0.470195
0.591728
-0.517157
0.477476
-0.620932
-0.273925
-1.4728
-0.846226
0.982498
-1.40145
0.597591
1.20837
-0.759713
-1.49086
-1.39426
-1.16962
0.781129
0.870761
0.302202
1.67472
-1.63394
-0.616682
-1.31489
-1.26356
-1.23589
-1.53603
-0.781399
-1.22463
-1.22153
0.811597
0.524232
-1.29633
-0.534268
-0.922832
0.794366
-0.679234
-1.62686
0.812755
0.689483
-1.20501
1.62348
1.25841
-0.748248
1.22085
-0.245671
0.569604
-1.01503
-0.883423
-0.137177
0.586936
-0.385015
-0.650853
-0.809568
0.902198
1.62214
-0.98534
-1.76998
1.3673
0.0456635
1.56373
-0.483173
-0.76998
1.66825
0.506579
0.925388
-1.08078
0.971383
1.17396
1.34401
0.19724
-0.662431
1.67152
-0.524601
0.785215
0.563789
0.0703649
0.833343
0.533735
1.54177
0.863637
-0.901641
-0.892197
-1.67418
1.43254
-0.377157
-0.329839
-0.793041
1.51651
1.5419
0.907926
-0.875276
0.576853
1.38232
-0.969429
-0.427746
0.786105
-1.11346
-0.512806
0.65461
-1.21033
-0.926039
0.288785
-0.857753
-0.744577
-1.30571
1.0815
-1.02941
1.14075
1.37919
-0.835152
-0.927869
-1.00194
0.947083
1.62225
1.17365
1.49377
0.446293
-1.57525
-0.96473
-0.773216
0.275013
-1.4369
0.457364
-1.20371
-1.02627
-1.1473
1.17058
1.3803
-0.911392
-0.911957
1.17973
-1.02802
0.386729
0.760269
-0.444084
-0.768328
0.488128
-0.950275
1.42369
-1.23181
-1.4041
0.638886
-0.751184
-1.32052
0.348224
-0.919095
0.849937
0.990258
-1.36945
0.804776
-0.997624
-1.29389
1.88928
-0.590181
0.0518891
0.732617
-1.06054
-1.41554
0.471537
0.827238
0.404074
0.0536589
-1.04591
0.68753
-0.743166
0.523027
-0.794314
-0.992882
-1.15791
1.65551
0.513354
-1.52274
1.61543
1.24744
-0.857649
-1.2376
-0.696902
0.951266
-0.18175
1.13976
-0.811861
-0.689628
0.988323
-0.597552
-0.166831
1.06791
0.644279
1.08472
1.09628
0.717115
0.411011
-1.20282
-0.16022
1.36543
1.60992
-1.55929
0.716789
0.903886
0.706067
1.49593
1.09338
1.12665
0.815587
0.437778
-1.17834
0.502267
-1.234
0.995667
0.869005
-1.05339
-0.927577
-0.950714
0.552745
0.811936
0.121096
0.838613
-0.208666
-0.81791
-0.0160125
0.493205
-0.987919
-0.430448
-1.02679
0.554211
0.517546
1.31491
-0.80024
-0.864608
-0.871821
-0.859197
-0.720249
-0.540223
1.42766
-1.27623
-0.925447
-0.912869
-0.766773
0.98257
0.93776
1.95393
-0.389161
-0.848201
-1.4163
-1.04318
-1.32244
-1.7888
-0.92305
-1.31652
-1.01949
-0.993134
1.24274
-1.47019
0.427655
-0.562133
0.987139
-0.757978
0.347586
-1.18304
-1.53668
1.66515
0.270068
-1.15562
-1.20987
1.11047
1.10144
1.29829
0.341174
-0.0877123
-0.714929
0.311761
0.711343
0.586781
-0.730656
-1.01066
0.784581
-0.665858
1.25831
-1.2285
0.46297
-1.03804
-0.62162
0.995436
-1.21024
1.04175
0.47413
-0.629211
1.08822
0.698954
0.502909
-0.532149
1.13283
0.814511
-0.799744
-0.208502
0.928577
0.622773
-1.1735
-1.54308
0.869316
-1.45178
1.336
0.886977
1.2284
-0.981489
-1.38506
-0.488818
-1.67304
-0.896111
1.22523
-0.456551
-1.08302
-0.670335
-0.753488
-0.627425
-1.53478
0.891522
-1.30955
0.937973
-0.789241
-1.0544
-0.611694
-0.641203
-0.790268
0.730236
0.411422
1.14798
0.153743
1.01785
-0.903634
-1.76054
-1.67024
-0.0609678
0.594989
-1.12179
-1.15195
0.930608
-1.1313
0.451549
0.77412
-1.16743
1.78302
-0.880282
1.47861
0.592306
-0.757094
1.04839
0.630126
-0.97816
-1.14378
1.20127
0.824943
-1.52905
-1.27241
0.965958
-1.09612
-1.4112
1.03417
1.55158
0.323288
-0.810517
-0.794431
0.00755914
-0.71623
-0.409247
-0.446625
-0.880963
-1.00752
0.559838
0.537453
-1.15704
0.978334
-0.222812
-1.17283
-1.54588
-1.15253
0.86463
0.979361
0.552698
0.733408
1.29626
0.641073
1.19841
0.193453
1.16085
-0.21798
1.15967
-0.98341
1.31436
-1.2475
-0.726752
0.857552
0.992652
-0.992095
-0.658511
0.903785
1.11554
1.35561
-1.63847
-0.690125
0.673807
-1.04433
1.05943
-1.27727
-1.00369
-1.04066
-0.906395
-0.937462
-1.01208
-1.02904
0.507468
1.17982
0.536894
-0.797075
0.984757
-1.10861
0.710958
-1.16064
-0.918698
1.38879
-1.87738
1.41685
1.46295
-1.45517
-0.964997
0.465871
0.66968
1.65673
-0.553165
1.60389
1.87429
1.69295
0.291014
-0.881112
1.00666
-0.408909
-0.729385
-0.0222215
-0.414195
0.790279
0.28629
-1.44291
-0.372537
-0.384099
-0.533209
-0.544545
0.127182
-0.933365
-1.08095
1.39272
-0.758958
0.34867
-1.20258
1.08683
-1.15772
0.634004
-0.442841
0.57934
-0.74601
-0.756401
-1.21567
-0.546055
0.906704
1.29993
1.20632
0.332436
0.519217
0.683919
-0.806217
1.05119
-1.25886
-0.857903
1.28213
0.992869
1.55108
-1.02047
0.351215
1.29815
0.743579
0.749563
-0.981403
1.68154
-1.74851
-1.18241
0.907074
-1.10164
-0.767416
-0.966448
0.536755
-0.632888
-0.686196
0.428094
-1.45899
-1.63771
1.54796
-1.50395
-0.056409
1.18313
-0.372594
1.74898
-1.06571
1.20804
1.17727
1.55966
-1.49334
-0.528466
1.39523
1.60375
-1.01221
0.783624
-0.545373
-0.531365
1.37002
0.768038
1.11964
1.32663
0.409784
-0.533551
-1.3227
1.07191
-1.82413
0.481695
0.777469
-0.231
-0.435954
0.823294
0.600338
-0.186234
1.37237
0.332176
0.645072
-0.301476
0.831695
-1.15078
0.413152
1.24636
-1.30318
-1.46745
-1.49243
1.33534
0.555498
1.29426
1.43326
-0.675123
-0.230149
0.634244
-1.13563
1.12506
0.534799
-0.975362
-0.280572
0.524979
0.870947
0.904362
0.764513
0.380862
0.710207
-0.492089
-1.30445
-0.872677
-0.546508
-0.591296
-1.13974
-1.33055
0.730366
1.08222
-0.397836
-0.756132
-0.142758
-0.530409
-0.459415
1.59738
0.411576
1.44288
-0.844968
1.13319
-1.12689
1.28812
1.25449
-1.44938
1.35945
0.635555
-0.780183
1.11812
1.01124
-1.06779
1.43592
0.0631733
-0.321457
-0.0025693
0.654184
0.76185
1.56586
-1.48547
-0.599604
-0.0146722
-1.03579
-1.09274
0.683417
0.343657
-0.13047
0.929203
0.316761
-1.04586
-1.85523
1.24958
0.924181
0.779721
0.222906
-0.391146
-0.282017
-1.03636
-0.98131
0.928742
0.935966
-1.47085
0.517397
-0.869966
-1.26563
0.142978
-0.064202
0.904487
-1.69337
1.27397
-0.106637
0.905736
0.343993
1.68457
0.946429
1.08626
-0.792884
0.585833
0.141614
-0.863232
-0.950424
1.22484
0.128345
-1.776
1.58264
0.449861
-1.76838
0.916183
0.812852
0.823727
0.799163
-0.41305
-0.788989
-0.724707
0.0704709
-0.339655
1.61789
0.218013
1.0573
-0.79088
1.43555
1.08997
-0.860979
1.29046
1.16497
0.361812
1.34983
1.18291
1.39835
1.51332
0.94118
1.85413
0.605345
-0.906173
-0.796678
1.67326
0.284688
0.728799
-1.1032
1.3717
-0.740891
-0.0300452
1.01948
0.445195
0.754991
-1.22832
0.359065
-0.900498
0.36769
1.0548
-0.0375924
0.997329
1.31237
0.279126
-1.33039
0.872635
1.64051
-1.43683
0.497466
1.18682
-0.814559
0.990166
1.15687
0.892276
1.10119
-0.63797
0.2713
-0.785253
-1.22555
-0.651838
1.046
0.899791
0.499584
-1.22746
-0.293591
-0.3826
0.820924
-0.402051
0.906364
-1.03493
1.64359
0.0449562
-1.0811
-1.00643
0.690427
1.1868
-1.24729
-1.31347
0.743006
-0.489742
0.939702
1.4806
-0.972785
-0.435726
-1.37389
-0.267697
-1.29483
-0.870619
0.413619
0.0367177
0.603098
-1.61088
0.483101
0.879125
1.1194
-0.241505
0.876696
-1.27189
1.28216
-0.870433
1.63066
-1.2839
-0.729734
1.20972
-1.24514
0.719775
-1.53808
0.263086
0.95155
0.679371
1.17942
0.692819
-0.81375
-1.01713
0.831792
-1.60189
1.14343
-0.723419
-0.89928
1.14881
-0.21168
1.29476
-1.02201
-0.638686
-1.10238
1.23408
-0.457849
1.6866
0.238647
-0.819669
0.904105
1.31727
-0.955519
-0.557242
-0.976161
-0.88609
-1.23198
-1.47493
-0.875691
-1.38281
-0.297224
-1.06652
0.977055
-0.488372
1.29474
0.488313
1.5128
-1.32314
1.0298
-1.26179
1.45497
1.85231
0.491282
-0.486838
-1.43551
0.317852
1.07208
-0.996837
0.768241
-1.25758
0.352856
1.25186
0.672015
-1.03529
0.969738
0.412692
-1.69965
1.30416
0.755886
0.474096
0.947263
-1.08663
-0.748757
0.549876
0.528151
1.09956
0.427195
-0.219683
-1.25175
0.905708
0.166679
-0.851571
0.858762
0.951967
-0.61277
-0.39487
1.411
-1.77367
1.29274
-0.54149
-0.350925
0.723589
-0.414044
0.82496
0.00898435
1.21352
-0.99856
0.729497
0.273178
0.915626
-0.958949
-1.73274
1.37244
-0.698857
1.82352
0.968881
-0.575905
-0.563191
0.54595
1.52905
-1.13147
1.36007
1.15542
-0.517595
-1.24644
-0.745828
-1.65657
0.267178
0.837735
0.518733
0.804374
-0.972143
-0.821987
-1.01905
1.50008
0.930739
-1.36071
1.58371
1.65279
-1.01349
-0.580555
0.183353
0.212126
0.848779
-1.08842
0.821247
0.581684
1.72651
-1.1203
1.42977
-1.07189
1.12812
0.48926
1.69471
-1.3251
-0.321013
-0.413879
0.761308
-1.12868
-0.932813
1.21844
0.55459
1.21038
-0.97411
0.335069
0.99191
2.02398
0.542141
-0.58834
-0.261867
-1.54409
1.32315
-0.930751
0.384753
0.560903
-0.718292
0.792754
-1.08429
1.04267
1.03091
-0.829927
-0.644715
-1.31574
-1.0316
-1.17945
0.83583
-1.22466
-1.13604
0.581899
-1.53083
0.830205
0.633459
-0.650219
-0.662502
-0.686965
-0.211467
-1.4489
-1.16316
1.11128
-0.641887
1.21836
1.20149
-0.767907
0.498361
-0.946492
0.46184
1.14656
-0.210282
0.201367
0.868666
1.36732
0.502681
-0.189728
-1.44662
-0.752015
1.30405
-0.539524
0.718246
0.927006
0.031813
-0.565913
0.506233
-1.84207
-1.21946
1.59459
-1.23507
-0.795051
1.39003
-0.781881
-1.17912
1.22994
1.60279
-0.738832
-0.475241
0.440504
0.808192
0.763769
-0.228501
0.8725
1.21519
1.51731
1.06135
-1.46352
-0.808505
0.563437
-0.877798
-0.268522
1.53563
0.52886
-0.639895
0.800107
-0.715566
0.446402
0.908995
-0.578808
1.10689
0.285343
1.28127
-0.763295
-1.51289
-0.372947
1.02111
0.786792
-0.267918
-0.992503
-0.845962
-1.37479
-0.312088
-0.868765
-0.0857324
0.99435
-0.836235
0.667771
-0.166753
0.464674
-1.1538
1.03313
0.887738
0.399832
-1.28448
0.949589
1.03339
0.539681
-0.442773
0.279857
-1.28444
-1.04982
0.956885
0.457372
-0.560425
-0.80137
1.38888
-0.698769
1.00538
0.694658
0.864417
0.957667
0.276164
1.55714
0.620966
0.544647
-0.165658
-1.29332
-0.831522
0.0668217
0.535504
0.358774
-0.832878
0.680019
0.0755075
-1.5287
-1.63749
0.913123
-1.33307
-1.37373
-0.422757
0.468137
1.08003
-1.20875
1.04819
1.65983
1.30268
-1.25256
-0.817103
-0.920979
1.37933
0.335697
-0.467067
0.416416
-0.994993
0.793067
1.1643
1.45416
-1.46589
1.86121
0.181141
-0.277019
0.658524
-0.411992
1.67927
-1.57182
1.36285
-1.8475
0.996112
-0.0762048
1.20504
1.31984
0.693037
-1.36414
1.05494
1.10683
-1.23148
-0.654432
0.753048
1.48355
0.0965899
-1.31142
-1.42838
-1.04168
0.700485
-0.764529
-0.42566
-0.596849
-0.0544164
1.1274
-1.19604
-0.763182
-1.77502
-1.0307
-1.00941
-0.509514
0.378563
0.490208
1.32288
-0.431646
-1.12009
1.48146
-1.52749
0.613076
0.70218
1.12929
-1.45861
-1.37663
-1.38376
0.852097
0.816699
0.447309
0.56807
1.39098
0.811843
-1.10589
0.616544
1.27142
0.525018
-0.977484
0.539538
0.640585
1.42566
0.889129
0.868976
-0.0248851
1.11899
-0.903726
0.343332
0.414844
-0.785615
1.44528
0.530076
-1.1785
-0.86396
-0.394834
0.955998
-0.845136
-0.660229
0.35992
1.46105
-1.20412
-1.41116
-0.106544
-0.910779
-1.09824
-1.09965
0.910326
-1.12283
0.925147
-0.738398
0.870863
0.199829
1.07643
0.194691
1.07257
-1.55311
0.71262
0.864518
0.352165
-0.985243
-0.402845
-1.0223
-0.670326
0.908106
0.785135
1.2667
-0.73983
-1.0263
0.831724
-0.618475
1.10072
1.43131
-1.49298
-0.59981
1.4332
0.646162
1.29612
-0.350462
-1.23276
0.739732
0.586487
-0.580219
1.38485
1.16496
-0.975006
-1.05446
-1.53428
0.552873
-0.881961
1.01547
0.483473
1.02032
-1.03293
-1.7865
1.18161
2.22927
0.201142
0.870342
1.04956
1.3204
1.27498
1.30242
0.549507
1.39714
-0.78562
-0.50068
1.47964
0.286589
-0.819837
-1.08401
-1.40004
0.684458
0.825978
1.42265
-0.852982
-0.235143
-1.58819
0.804204
-0.930267
-0.714648
-0.905639
1.24136
-0.894624
1.16715
1.4989
-1.04543
-0.522994
-0.595364
-1.22813
-1.06732
-1.37646
-1.18775
1.39305
-0.904018
1.10555
-0.878572
1.22316
-0.908873
0.464287
-1.16048
1.30793
0.546002
-1.00212
-0.627089
-0.622129
0.418974
0.414617
1.18611
-0.869404
0.346056
0.624739
-0.167874
1.08592
-1.47998
0.356844
0.887824
0.971174
0.212558
0.57087
0.610119
0.727197
1.54864
0.0189462
-1.34159
-0.613542
1.67067
0.817792
-1.60358
-0.438916
0.512729
-0.487463
0.499119
-1.15381
-1.21561
1.3279
-0.781134
0.98601
0.930266
-1.2671
-1.45592
0.714804
1.00154
1.09763
-1.31533
0.605734
0.855033
0.65992
1.00888
0.74445
0.9952
-1.53754
-0.547807
0.608574
-1.03218
-1.83228
0.422811
-0.701345
-1.10221
-1.26528
0.670091
-0.862332
-0.497982
0.918449
-0.5655
1.74611
1.50359
-1.67514
-0.750407
1.21008
0.66434
-0.831265
-1.43112
1.09326
0.883926
1.37929
1.36928
-0.4486
1.58015
0.588519
-0.472739
-0.405505
1.43269
-1.81483
-0.359881
-1.11819
0.111271
1.46
0.636714
1.07229
0.132566
0.468155
0.286293
0.773749
1.26595
1.70898
1.74295
-1.1336
1.67563
-0.975133
-1.32424
0.36779
0.522273
-0.514665
0.437445
0.361006
-0.593172
-0.44972
0.37986
-1.07405
-1.12706
0.923783
-0.531403
1.40324
1.38716
-0.825331
-0.657791
-0.799545
-0.982304
-0.847155
-1.41852
0.786801
0.494374
-1.41673
0.456753
0.749932
-0.792136
0.23062
-0.692413
-1.29317
-1.3123
-0.759366
-1.32855
-0.0827331
-1.27874
0.63703
-0.464419
-1.18662
0.99682
1.05875
-0.694813
-1.39596
-0.176733
0.731513
0.790392
1.33161
0.765724
-1.47285
-0.719971
0.576852
0.815421
1.17442
-0.398264
0.616505
1.38784
-1.00285
0.64205
-1.05491
-0.803914
0.837783
-1.24905
-0.577268
1.28649
0.414098
-0.925389
-1.04493
0.295263
0.909259
1.29105
-0.613633
-0.906943
0.874841
-0.820236
1.28577
0.723921
-0.339068
-1.05304
1.10866
0.764705
-1.3513
-0.716246
-0.674163
-1.13036
-0.88549
0.704774
-0.0790625
-0.465569
0.820629
-1.02383
-0.593085
1.54835
0.784655
0.791882
0.822944
1.03467
-0.680989
-0.62063
0.54059
1.17345
-1.18812
-0.973325
0.893561
-0.256181
0.696535
-0.758152
0.712094
-0.584777
-0.285189
-0.398976
0.913771
0.124047
-0.417555
0.553349
-1.69969
0.748038
1.05838
1.30189
1.36464
-0.50024
0.886637
0.466728
-0.939659
-0.72839
1.18178
1.25578
0.575959
-0.777509
-0.839139
-1.1606
1.63734
-0.56576
1.61684
-0.584562
-0.55489
1.74776
0.703727
1.09419
-0.905755
0.850927
1.36332
0.349904
0.302559
0.0914305
-0.539431
-0.53215
1.5781
1.59014
1.18829
0.961763
1.06334
-1.36278
-0.705552
-1.22548
1.02742
-0.551154
-1.09197
-1.14384
-1.42193
1.09223
0.398437
-1.28229
-0.824651
-0.854034
1.84012
1.39667
-0.803371
-1.52212
-0.716574
-0.558069
-0.831602
1.76326
1.16751
1.10689
-1.53565
-0.500942
0.506865
1.17665
-1.42604
-0.906075
-1.4577
1.63616
1.41626
0.0352447
-0.264558
-0.55836
1.04411
0.41035
0.455132
1.7697
-0.537472
-0.820091
-1.38167
0.789395
-1.09613
1.01633
-1.07899
-1.2646
-0.59635
0.869119
-1.43709
0.806061
0.0990216
1.12473
0.554827
1.13716
-1.41467
-1.10384
-0.813802
-0.889179
-0.441379
1.1465
0.910517
0.653849
-1.46211
1.10383
0.419252
-0.44651
1.83783
-0.660524
-1.3391
1.03677
1.25313
-0.208721
-1.5343
-1.73453
-0.910969
1.2537
-0.369684
-1.33102
-0.277566
1.28967
-0.463914
-0.288138
-0.553468
0.558319
0.769084
0.721085
1.61047
-1.03331
-1.74571
1.6266
0.625247
-1.12955
-0.80094
-0.665064
0.632985
1.23459
-1.46815
0.751294
1.50495
-0.867588
-0.314608
1.41721
-0.990795
-1.37273
-1.16721
-0.844944
1.43016
0.65868
1.4316
-0.790147
-0.792736
-0.72147
-1.35086
1.46878
1.48798
1.06987
1.06071
-0.649637
0.619338
1.49569
1.67073
1.66173
0.626269
-1.26091
0.467785
-1.23327
-1.35761
-1.23321
1.27916
1.60431
-1.39196
0.20902
-0.509593
-1.38885
-1.22155
-1.29853
-1.98573
1.14729
-0.394383
-1.47831
0.369948
-0.967947
1.18889
-1.45151
-0.552244
0.275716
0.425778
0.835273
-0.674974
-1.5608
1.21662
-1.06265
0.444422
0.287515
1.46957
0.0238993
1.74041
0.649555
-0.722024
-0.65577
0.729652
-0.524873
0.509036
-1.40815
1.06481
-0.463105
1.08382
-0.249101
1.13855
1.16822
-0.433441
0.176389
-1.00596
-0.718418
1.12336
-0.554942
-1.03035
-0.154485
-0.387024
-0.743105
0.811353
1.31411
-0.397662
-0.451693
1.58708
-1.14502
-0.168076
-0.516488
-0.509141
0.646141
-0.589548
0.613387
-0.66976
0.970521
0.750972
1.20514
-0.688459
-0.00955019
1.36821
-1.46692
-1.19454
0.910364
0.464737
-0.773462
-1.37579
-0.924839
-0.924228
0.517805
-0.696254
-0.483048
-0.866622
-0.497156
0.556688
1.75053
-0.906455
0.634342
1.43176
-1.28348
0.581661
-1.03459
-0.625571
-0.145738
0.935959
-0.498972
-0.65616
0.790129
0.94432
0.194749
0.925058
1.13693
0.665244
0.970323
0.739699
-0.724537
-0.941089
1.25547
-0.628376
-1.07936
-0.682043
-1.0766
-1.05403
-0.686695
-0.28385
-1.21616
-0.991111
-0.286359
-0.978949
0.897549
-0.64046
0.907183
1.29739
-0.544785
-0.499262
-1.48762
0.450465
-0.753305
0.578315
0.770795
-1.21292
-1.20314
0.139935
1.23444
1.12147
0.702017
-0.532263
-1.30929
0.696738
0.961713
-1.21527
1.24068
-0.118652
-1.48608
-0.994284
-1.70817
0.560967
1.16019
-1.01173
-0.758038
-1.30968
-0.444524
-0.612408
1.19026
1.46099
1.30797
1.14513
0.992652
0.58614
-0.785723
1.09548
-1.0665
-0.563118
-1.00637
-1.28264
0.790229
0.91072
0.997221
-0.771697
-1.6046
-0.595845
-1.28233
0.307183
0.553184
1.54259
-0.397325
-0.879503
-0.462456
1.41769
-0.458324
0.367154
1.4322
0.746034
-0.932056
1.37545
-0.564361
0.984586
0.536067
-0.689578
0.882489
-0.661463
0.711775
0.302928
1.28581
1.16865
-1.1157
-1.1055
1.41528
-0.821097
-0.312195
0.925558
-0.422709
-1.2255
0.849687
-1.38389
-1.31187
1.55895
0.772319
1.44845
1.03092
1.20225
-1.25894
-0.04865
-0.775435
-0.59973
-1.00567
-0.463108
-1.31579
0.919402
0.731934
0.976692
1.23123
-0.149862
0.680607
-0.9454
-0.645726
0.768913
-0.69173
1.10931
0.609367
-0.62028
-1.28723
-1.3306
-0.976957
-1.23441
0.48713
0.137371
0.149037
-1.25197
1.75702
0.774752
-1.43596
-0.662247
-0.977641
-0.982103
1.37298
-0.606919
-0.875501
0.344212
1.53208
1.54709
0.629758
1.04292
-1.14291
1.28415
1.64295
1.30484
1.4739
0.950207
-0.71851
0.785612
0.453258
-1.69895
0.777878
-0.878098
-0.497934
1.20272
0.561757
-0.869665
1.02575
-0.802323
-1.36705
1.00646
-0.76021
-1.02022
1.05091
-1.04506
-0.636365
-0.620289
0.670963
-1.06208
1.09163
1.2652
1.24806
0.46016
-1.23992
-1.13896
-1.11935
0.673781
0.697425
0.516546
-0.952155
-1.63964
-1.31297
1.23799
0.894174
-1.32432
0.76648
-1.28611
1.19472
1.52058
-0.566986
1.34483
-1.08201
-0.545489
0.418334
1.43995
1.47727
-1.26818
-0.903648
1.39418
0.261147
0.594165
1.68337
1.84916
1.08296
0.446325
0.0825754
-1.06317
-1.75557
0.443682
1.21395
-0.660134
1.29773
-1.23062
-1.4087
-0.552525
-1.62391
-0.890291
1.0811
-0.607539
1.53478
-0.613274
0.97137
-0.587019
0.718637
-1.46742
1.09151
1.32069
-0.523844
-1.17941
0.404486
1.18013
1.1929
1.34551
1.05916
-1.23188
0.75299
-0.759916
0.992774
0.626625
-1.44031
0.77242
1.33054
0.696838
-1.22259
-1.08192
1.34299
-1.23289
-1.75595
1.3769
-0.943403
-0.324492
0.403506
-1.03933
2.02011
1.05817
0.630004
1.18602
1.51545
0.143545
-2.07775
1.24017
0.658962
-1.24682
-1.36414
0.79994
-1.31039
-0.138233
0.555757
-0.777958
0.848589
0.275615
1.2626
1.40287
1.40597
-1.18229
-1.17518
-1.83229
0.35378
-0.675706
-0.688881
1.17036
1.10999
-0.412679
-1.29513
-1.31033
0.30089
0.5881
-0.696652
0.79947
-1.25528
-1.01547
-0.0201649
-0.222923
0.370378
1.82301
0.140604
0.910509
-1.44157
1.36065
0.00647011
-0.849805
1.03756
-0.445222
-0.512008
0.791149
0.739305
-1.18991
-0.563512
-1.00975
-0.943222
0.353185
-0.496538
-0.755776
1.39889
0.53085
-0.790824
-1.33227
0.944487
-0.538761
0.485134
0.672413
-0.754221
-0.821101
0.874418
0.995869
-0.632684
0.190965
-0.50857
-0.503497
1.08698
-0.29446
0.898221
-0.177426
-0.766296
0.448559
-1.74843
-0.365112
0.603185
-0.204746
-1.07919
-1.0264
0.443054
-0.831762
1.63612
-0.731673
1.3813
0.188139
1.02844
0.471801
1.50588
1.13416
-1.32557
0.601264
-0.767629
-1.36027
-1.01139
0.64229
0.439526
1.62949
-1.73714
-1.62199
-0.0478079
1.42101
-1.38478
1.49928
0.339761
0.570075
-1.26311
-1.53477
0.213591
0.879142
0.430123
-1.08555
-1.426
-0.681369
1.35512
1.08208
-1.24858
1.15183
-0.408673
1.23909
0.392306
1.4369
0.697581
-1.18026
-0.539805
0.409352
-0.347471
-0.611141
1.7113
1.41096
-0.0646673
1.06309
-0.781195
-1.32561
-0.947319
-0.106399
1.20063
1.31557
0.541405
-0.817226
-0.826004
0.203234
-1.51683
1.68659
-0.742671
0.622267
0.681167
-0.4743
-0.933208
-0.583166
0.168702
-0.681539
1.01243
0.538385
-0.716218
-1.41863
-1.77815
-0.769425
1.20369
-1.42965
1.1763
0.508266
0.458811
0.625265
1.50067
-1.38019
-1.6071
-0.417264
1.64234
1.73378
-1.51074
-0.94364
-1.23169
1.40154
0.423197
0.879403
1.07652
-0.982143
1.17654
1.12582
1.06762
-0.391865
1.49013
1.14716
-1.60432
1.15019
0.8858
-0.826032
1.48894
0.303733
-0.941107
-1.37364
1.24712
0.437207
-0.775626
1.23337
0.840681
-0.359199
1.42151
-0.12506
-0.395111
0.871862
-0.370981
-0.462796
0.670743
0.691315
0.795517
1.78074
-0.892084
0.993288
0.665743
-1.17034
0.362115
1.27398
-0.733677
-0.501244
0.859852
-1.14074
-1.06489
0.112186
1.10299
-1.06193
-1.06418
0.748467
-0.976121
-0.230642
-1.58129
1.64547
0.451424
0.757242
0.532323
-0.877327
0.813876
-0.827775
-0.483097
1.41941
0.713052
1.24301
0.592898
1.38637
0.267605
-0.944018
-1.14527
-0.447802
0.382497
1.96367
0.627132
1.37468
1.6864
-1.04187
-0.303857
-0.80349
-0.931709
1.01558
-1.29177
-0.52562
1.17314
-1.11455
1.41766
1.44206
0.107762
-0.990015
-1.35734
-0.56032
-0.912355
-1.22421
-0.716879
0.86216
-0.978307
0.627163
-1.51602
-0.494946
-1.31707
1.1703
-1.62309
1.5883
0.579066
-1.12259
-1.75167
-1.1657
-1.25821
0.795351
-1.40388
1.0815
0.13928
-1.41105
1.25219
0.837927
-1.50619
0.711211
0.407818
-0.261722
-1.30534
-0.654754
0.0466456
1.10112
-0.788817
0.758908
1.2026
-1.20031
-0.97623
0.521244
0.491502
0.844
-0.681393
1.50059
-0.491125
-1.51314
0.853557
-1.04343
0.919459
0.565029
-0.862629
-1.00992
0.673064
0.798335
-1.61697
0.517593
-1.72518
0.47796
-0.865661
-1.13605
-0.582259
-0.898634
-0.813659
-1.07658
0.198351
1.34244
-1.31643
0.176193
0.00986331
-1.43365
0.745399
-0.865898
-0.716538
1.42828
-1.57977
0.617053
1.66776
0.141414
-1.77044
-1.31758
0.569515
-0.678435
0.259497
1.02902
-1.5747
1.26369
-1.12369
-1.10679
-0.94138
-0.964364
-1.55796
-0.678286
-0.659808
-0.417391
-0.729129
1.40021
-0.92202
-0.425088
-0.66169
1.84352
-0.424859
0.917476
-0.665227
0.946719
1.08959
1.68119
0.959604
1.16645
-0.624665
-0.840251
-1.53037
0.430774
1.35535
1.26996
0.0435581
1.0442
0.26521
0.896449
-1.55378
0.783749
-1.69431
-1.60857
-0.983246
0.707375
-0.435161
1.0568
-0.667048
-0.687266
-0.834817
-0.469535
-0.907383
1.39303
-0.900026
1.6991
0.668032
0.790811
-1.18198
-0.771056
1.30862
1.28627
0.319139
0.625745
-0.791739
0.590268
-1.8071
-0.640105
0.861237
0.896409
0.70866
-1.16549
-1.12958
-0.825251
0.91559
-0.435927
1.49188
0.986266
0.478411
0.818362
1.04052
0.692717
0.571946
-1.6091
0.595458
0.600207
-0.859179
1.01523
-0.690923
1.36964
1.09934
-0.625293
-0.561657
-0.35577
0.45037
-0.551348
0.4629
1.74754
-1.44804
0.730662
0.132503
-1.51325
0.860481
0.656506
-0.751859
-0.567449
-0.547765
-0.746361
1.05148
-1.03739
1.04058
-1.16029
-0.859597
1.05221
-0.742627
-0.533636
-1.49062
-0.937819
-0.0624475
0.403606
-1.03327
-0.347061
-0.800385
0.888264
-0.630881
-0.515837
0.788909
1.34472
0.89937
-0.446877
1.40814
-0.758568
-1.08592
-0.978521
0.700902
-0.00394913
-1.2061
-0.562962
-0.989232
-0.777559
-1.72456
0.233344
1.32429
-1.43789
-1.52233
0.696811
1.42575
0.947798
-1.14278
0.33913
-0.923945
-1.0761
-1.26726
-0.971407
-0.882392
-0.829938
0.462383
-0.654524
1.37325
-0.070946
-0.376129
-0.444324
0.772996
-0.480184
-0.825923
1.45174
1.6393
-0.522601
1.06273
-0.289638
0.579346
1.14986
0.537728
-0.584828
1.07747
-1.13833
1.18717
-0.712256
-1.43343
-0.931455
-0.701301
0.562005
-0.353638
-0.649418
0.128703
-0.956487
0.0986182
-0.645415
-0.332481
-1.10625
-1.07776
0.4141
-0.537805
-1.0571
-1.01841
0.834868
0.264113
0.832108
-0.518903
0.852664
0.447207
0.7434
1.37108
-0.311557
1.56493
-1.48555
-0.794394
-0.932176
-0.894863
-0.330465
0.16961
-1.05807
-1.82594
-0.592721
-1.12551
-0.773398
-0.719801
-0.574092
0.906007
-1.10027
-0.673263
-0.559215
0.785212
1.01043
-1.36439
1.26627
-1.09814
-1.51624
0.662794
1.31854
1.53845
0.203168
-0.564677
-0.426995
1.35056
0.827544
-0.880185
-1.08793
-1.30438
1.08526
-1.0087
0.517639
0.155678
0.905962
-1.70053
-1.10551
-1.23969
0.450244
1.03639
-0.515528
1.26885
0.785264
-1.08976
-0.403929
-0.16967
0.435085
0.0675051
0.657373
-1.75039
1.01516
0.933625
-0.98513
-1.01314
1.03509
1.5432
1.33399
0.367156
0.788339
-1.27353
-0.901277
1.26409
0.353778
-0.438862
-0.801212
-0.866739
-0.717483
-0.221613
-0.831151
-0.829294
-1.25889
0.636471
1.38629
-0.860941
-0.293103
-1.38007
-0.664742
0.0645675
-0.698924
-0.737465
-0.882946
0.873545
0.364378
0.686026
1.54415
0.27246
1.7359
0.938649
0.92346
-1.38819
-0.963969
0.888208
0.540304
0.811217
1.05447
-1.4454
0.468146
0.694597
-1.07258
-0.924697
0.877834
-0.661323
-1.37932
0.827303
-0.851058
0.669058
1.11387
1.27214
-1.68325
-1.03349
0.463623
-1.14198
-0.297425
0.0629133
-0.240242
0.980912
-0.758019
-1.23014
0.730104
-0.0503129
-0.649329
1.58448
0.786673
0.254573
-0.676063
-1.30817
-0.154843
0.580916
0.552336
-1.24188
-0.705716
1.09866
1.64944
-1.46922
-0.408359
-1.56138
1.14291
0.689062
-1.27974
-0.679158
0.751299
-0.945199
0.297357
0.629128
0.634973
0.310169
-1.52482
1.01176
-0.049579
0.0758606
1.15395
0.202969
1.59702
0.835082
-1.15121
0.613142
1.03828
-0.102257
-0.386426
0.447909
0.599881
1.13215
0.808548
-1.03964
0.0249574
-1.49879
0.909395
1.45249
-0.647436
0.571606
-1.70439
0.219515
0.878805
1.27299
-0.875395
0.473822
0.543694
0.338216
0.79249
1.50014
0.954176
1.34705
1.32458
0.372879
-1.14682
0.983231
0.999217
1.08275
0.804657
-1.26912
0.450862
-0.379483
-0.374534
-0.452309
-1.63564
0.877381
1.65692
1.06553
0.328696
1.10345
-0.553543
0.28122
-1.35498
1.31183
-1.14742
-1.6361
0.524799
1.90503
-0.87184
-1.26146
-1.10919
0.923504
-1.29226
0.509189
0.556412
-1.04208
0.923732
0.532074
0.809224
1.14401
1.27063
1.14666
0.455249
0.998765
-1.07684
-1.02961
1.11647
-0.96685
-0.480902
-1.05815
0.54479
0.857484
-0.465629
-0.382437
0.405495
0.358901
1.56948
-0.584955
-0.520397
0.915486
-0.903886
-0.508474
-0.137166
0.675418
0.480485
0.824154
-0.445579
-0.997205
0.752916
-0.685244
-1.38734
-0.924595
0.239114
-0.725044
-0.832099
0.605316
1.55582
-1.12252
0.236942
-1.12556
-0.834196
0.489374
0.816372
0.525266
0.296078
-0.672034
0.259937
1.05427
0.829708
0.74988
1.49869
1.04643
0.933786
0.303366
-0.0401382
-0.82583
-0.772289
0.844074
-0.70733
-1.68714
-1.3857
1.67932
-0.858559
0.819762
0.608094
0.443741
0.965122
0.863909
1.11861
1.19005
-0.99708
-1.06172
-1.58547
1.06412
1.59024
-0.967259
0.438361
1.05086
1.01164
-0.515947
0.563045
-1.64642
0.977903
0.777223
-0.922958
-0.972197
-1.14574
0.9469
-1.21004
-1.3712
-1.31647
-0.763636
-1.32251
-1.06282
0.795072
-0.97102
-0.567307
1.10047
0.679313
-1.12672
-0.930556
-2.1727
-0.803977
1.08772
0.356653
0.568666
0.721957
-0.435817
-0.432009
-0.146822
-0.607157
-1.05032
0.883019
-0.22253
0.335223
-0.793184
-1.05682
0.424251
-1.08935
0.915058
-0.480129
-1.25813
1.78261
-0.979889
0.918146
1.0219
1.04004
-0.772404
-0.737216
-0.564867
1.1696
0.374921
0.721481
-0.59122
1.12931
-0.409738
-1.61586
-1.18939
-1.57282
0.99133
-1.50667
0.822406
-0.841027
1.14189
1.6211
-0.469033
-0.764583
-1.40027
0.688704
1.30041
-0.150999
-0.64349
-1.25366
-0.724584
-1.31711
1.02413
1.03286
-0.950883
1.67716
0.326522
-1.19315
0.842012
-0.834503
0.590389
-0.919096
0.334684
-0.629364
-0.702828
-0.702059
-0.907799
1.06935
-0.113678
0.500357
0.649414
0.475336
1.69386
-1.39946
1.21687
-0.866
1.07958
-0.953773
0.406797
-0.375502
-0.597288
1.10493
-0.444677
0.554863
-1.30214
0.604851
0.307888
-1.0165
-1.00142
0.297179
-1.18522
-1.96566
0.620532
0.680209
-1.01045
-1.26591
-0.227661
-1.13579
-0.894237
-0.521888
-0.740683
1.37507
-1.1207
0.760368
-0.889867
-0.554349
-1.13892
-0.572624
-0.696268
0.63316
1.01478
1.04984
0.407263
-1.78465
-0.562319
0.989286
0.833414
-0.622307
1.26303
1.04193
-1.34234
0.516191
1.06169
-0.750707
0.432914
1.38788
1.58881
1.01054
