815.559
785.508
732.385
706.246
638.851
620.836
620.836
605.899
586.904
564.29
534.479
529.949
490.286
488.718
483.842
465.138
446.995
442.487
428.772
427.322
414.034
403.525
390.824
384.749
377.387
375.07
371.899
367.169
364.242
362.22
358.708
353.759
352.093
349.34
348.241
348.241
346.8
343.917
339.875
338.814
331.741
325.994
325.994
324.014
318.613
318.613
318.613
315.137
315.137
312.156
312.156
309.005
309.005
309.005
305.26
304.706
299.659
299.105
299.105
299.031
295.275
294.271
294.05
294.05
293.753
293.753
293.753
293.753
293.753
292.139
292.139
292.139
290.352
290.352
289.761
284
284
284
283.02
283.02
281.29
281.29
278.61
278.366
278.366
278.366
278.366
278.366
277.966
277.966
277.864
277.864
276.597
276.597
276.597
276.233
274.966
274.566
274.566
274.566
274.566
274.566
274.566
274.566
274.566
274.566
274.566
274.566
274.566
274.266
274.266
274.266
274.266
274.266
274.266
274.266
274.266
274.266
274.266
274.266
274.266
274.266
274.266
274.266
274.266
274.266
274.266
274.266
274.266
274.266
274.266
274.266
274.266
274.266
274.266
274.266
274.266
274.266
274.266
274.266
273.152
273.152
273.152
273.152
273.152
273.152
273.152
273.152
273.152
273.152
273.152
273.152
273.152
273.152
273.152
273.152
273.152
273.152
273.152
273.152
273.152
269.646
269.646
269.646
269.646
269.646
269.646
269.646
269.646
269.646
269.646
269.646
269.646
269.646
269.646
269.646
269.646
269.646
269.646
269.646
269.646
269.646
269.646
269.646
269.646
269.646
269.646
269.646
269.646
269.646
269.646
269.646
269.646
269.646
269.646
269.646
269.646
269.646
269.646
269.646
