986.695
915.704
854.469
812.924
781.093
749.104
714.941
687.381
660.022
635.514
610.44
589.646
570.316
554.207
538.652
524.461
510.348
497.918
488.838
476.595
466.598
454.817
444.876
435.509
428.83
425.341
421.107
417.46
413.468
410.648
407.281
403.855
400.249
397.808
395.951
393.772
392.207
388.224
386.123
385.219
383.186
381.858
378.005
374.152
366.046
358.847
354.168
349.508
344.002
344.218
344.144
344.075
339.16
333.394
329.427
325.827
324.652
322.151
320.448
318.434
317.053
315.895
313.667
312.526
309.487
307.15
305.057
302.247
299.688
298.506
298.255
297.83
297.402
297.553
297.12
297.998
297.46
297.092
296.317
296.372
293.874
293.48
291.906
290.836
289.226
286.747
284.046
282.254
280.886
280.577
280.207
278.991
278.998
277.635
277.937
278.29
279.178
278.266
277.405
277.09
277.456
277.281
277.696
276.5
277.139
277.561
278.051
279.134
277.906
277.07
276.917
277.099
277.154
277.327
279.388
282.814
284.596
288.011
287.34
287.346
284.875
283.83
282.406
281.072
280.107
278.759
278.061
278.218
277.353
278.522
277.631
277.381
275.823
276.096
276.209
276.513
276.935
276.515
276.574
277.138
277.199
277.33
277.266
277.286
278.199
277.495
277.013
277.364
278.347
277.95
275.561
275.234
275.094
275.184
276.227
276.696
276.541
276.539
277.992
277.223
276.486
276.479
275.754
276.197
275.605
274.424
274.543
274.224
273.34
274.254
274.324
273.807
274.334
273.861
273.323
272.245
272.883
274.373
275.016
275.577
276.122
275.038
274.782
273.545
275.81
273.727
273.525
273.952
273.069
272.794
273.841
273.381
273.551
273.886
274.714
275.129
274.895
274.628
274.955
275.497
