776.93
745.527
714.084
664.999
653.942
627.386
608.068
595.327
571.993
565.017
552.738
534.729
524.435
496.794
493.997
488.367
479.263
474.087
463.606
456.274
446.837
437.96
426.366
419.352
408.428
396.995
391.406
380.461
376.484
376.484
371.202
367.635
361.865
359.944
349.448
341.756
341.756
339.117
339.089
328.597
328.597
326.123
326.123
325.929
323.29
322.486
319.159
316.521
316.521
312.943
310.304
309.176
307.016
306.814
306.814
304.46
304.46
303.612
303.612
301.664
300.816
298.882
295.592
295.592
294.03
293.28
293.28
293.28
291.556
291.556
291.556
291.556
289.776
289.776
289.776
289.117
287.337
287.337
287.337
287.337
287.337
287.337
286.569
286.025
286.025
285.166
284.398
284.398
284.398
281.675
281.675
281.384
281.384
281.384
281.384
281.384
281.384
281.384
281.384
281.384
281.384
281.384
281.384
281.384
281.384
281.384
281.347
281.347
281.028
281.028
281.028
281.028
281.028
281.028
281.028
281.028
281.028
281.028
281.028
281.028
281.028
281.028
281.028
280.34
280.34
279.627
279.627
279.627
279.627
279.627
279.627
279.627
279.627
279.627
279.627
279.627
279.627
279.627
279.627
279.627
279.627
279.627
279.627
279.627
279.627
279.627
279.627
279.627
279.627
279.627
279.627
279.627
279.627
279.627
279.627
279.627
279.627
279.627
278.709
278.709
278.709
278.709
278.709
278.709
278.709
278.499
278.499
278.499
278.499
278.499
278.499
278.499
278.499
278.499
278.499
278.499
278.499
278.499
278.499
278.499
278.499
278.499
278.499
278.499
278.499
278.499
278.499
278.499
278.499
278.499
278.499
278.499
278.499
278.499
277.661
277.661
277.661
277.661
277.661
277.661
