981.675
922.328
864.366
822.662
785.303
749.748
718.397
697.044
673.492
645.101
617.459
597.056
578.606
562.843
547.206
534.992
522.104
513.423
502.629
495.686
484.899
475.592
468.055
461.273
454.769
446.993
439.929
433.223
427.845
422.339
415.576
409.458
405.853
402.894
398.771
396.005
390.741
388.713
384.14
382.171
380.495
377.798
374.562
372.928
368.873
365.363
362.525
359.139
353.462
351.243
348.794
345.378
344.61
340.897
338.375
336.718
332.419
328.639
324.92
322.91
320.799
318.066
316.282
315.836
313.236
311.458
310.958
308.518
308.785
309.704
310.931
309.75
309.582
306.882
305.973
303.004
301.509
299.823
298.67
296.598
294.549
294.243
293.175
294.519
294.841
293.998
291.512
290.725
289.007
288.477
286.717
286.86
285.958
285.783
285.44
285.049
284.731
284.746
285.134
283.949
283.109
282.567
282.847
282.751
284.324
283.011
282.667
281.571
281.03
280.851
280.773
281.475
281.532
280.576
280.375
281.265
282.928
283.916
282.684
280.433
280.308
280.803
282.616
285.452
287.638
289.6
291.455
288.546
286.861
285.547
284.068
282.172
279.408
278.085
276.732
275.408
273.501
273.648
274.549
275.077
275.011
273.913
274.917
275.683
274.728
273.662
273.556
273.679
273.54
273.899
274.529
273.98
273.301
273.78
274.528
273.602
274.913
274.663
275.545
274.448
272.843
273.792
273.627
273.473
274.69
273.564
272.978
273.323
272.769
272.991
273.268
273.247
273.374
273.547
273.808
275.299
274.662
273.559
275.783
273.694
275.155
274.148
274.146
273.939
274.614
274.954
274.179
274.045
274.065
273.859
272.923
273.171
272.04
273.458
272.728
272.336
272.129
273.329
273.236
272.685
