982.052
929.884
879.15
839.833
806.225
770.682
739.072
709.936
685.592
666.063
643.444
623.319
600.333
579.706
561.034
539.932
524.206
513.34
503.051
493.14
486.348
478.597
473.132
466.86
459.896
456.383
451.978
446.255
443.001
438.421
433.111
426.543
421.472
416.067
411.28
405.09
400.25
396.263
392.346
388.309
382.84
380.049
377.357
376.444
375.865
370.373
367.841
364.792
360.396
358.674
357.294
353.66
351.688
348.547
346.796
345.099
345.428
344.07
343.341
340.662
338.211
337.218
335.045
333.435
332.341
331.046
329.162
328.911
326.492
325.215
323.274
323.279
320.97
320.299
318.675
317.702
315.595
313.221
312.828
312.455
311.765
311.493
309.279
307.581
306.509
302.355
299.591
296.891
297.302
295.752
293.721
292.312
291.674
289.122
288.644
286.577
285.8
284.32
283.516
283.193
283.159
284.067
282.588
282.841
282.034
281.801
281.493
282.108
281.77
282.246
282.841
281.801
282.962
281.498
282.155
281.731
282.571
283.064
284.776
284.76
284.901
286.611
287.612
289.591
288.75
289.973
288.764
287.024
285.527
284.401
280.857
279.727
277.181
276.667
275.396
275.081
273.393
273.035
272.588
273.6
273.613
273.794
275.825
274.6
274.907
275.763
274.066
273.905
274.11
274.141
273.92
273.357
275.312
273.249
274.015
272.969
274.82
274.313
274.488
273.809
275.706
274.492
274.571
273.588
273.987
273.678
273.335
273.423
273.063
273.51
274.022
275.981
277.417
277.511
275.351
275.881
274.951
273.862
274.287
273.177
274.031
274.673
274.712
272.992
273.09
272.819
273.018
275.002
275.882
273.752
273.362
273.869
272.831
272.755
274.407
274.517
273.896
273.618
275.85
274.354
