982.052
929.041
877.855
837.236
805.308
772.238
746.73
727.05
707.759
692.104
669.242
646.78
622.721
603.521
585.002
563.644
548.065
533.539
519.957
507.238
497.976
488.432
482.018
476.474
467.819
459.868
451.167
441.669
437.428
434.85
432.686
428.985
426.945
424.448
422.497
418.866
414.968
411.924
409.627
407.902
404.651
403.537
401.855
400.071
398.385
392.689
391.482
389.483
384.303
379.715
375.11
368.766
364.342
359.391
356.359
352.633
351.563
348.638
348.081
344.877
342.734
342.081
340.904
338.985
337.44
335.317
331.801
330.509
326.812
325.029
322.716
324.452
323.397
325.128
323.248
321.346
318.011
313.717
312.216
309.716
306.787
303.95
301.629
300.358
300.567
300.007
299.527
298.933
300.69
300.1
299.884
300.027
299.508
298.164
299.472
299.463
299.691
298.617
297.641
296.939
295.574
295.181
292.886
292.218
290.465
289.931
288.957
289.089
288.516
288.541
288.736
288.07
289.399
288.958
290.867
291.025
291.904
292.119
292.807
292.499
291.577
292.313
292.35
291.837
289.823
289.09
288.103
286.572
286.305
286.61
285.871
286.344
285.609
285.928
285.315
285.414
284.533
284.525
284.66
285.831
286.067
286.293
288.047
286.682
286.396
285.98
284.133
283.773
284.277
283.953
283.626
282.878
285.164
283.393
283.209
281.95
283.511
282.736
282.743
280.659
281.12
279.135
278.569
277.552
277.365
276.66
276.552
276.687
276.686
276.935
277.303
279.219
279.941
279.539
277.85
278.6
277.917
276.608
276.478
275.412
275.997
276.49
276.619
274.941
274.747
274.907
275.107
276.778
277.414
276.005
275.322
275.72
274.861
274.852
276.401
276.465
276.124
275.973
278.191
277.568
