818.343
761.906
749.266
708.119
693.528
687.87
669.46
641.085
610.342
610.293
578.124
557.421
532.496
516.011
509.38
495.94
487.504
474.552
470.775
465.614
462.658
461.378
430.374
423.554
420.958
420.045
417.449
411.008
409.841
405.889
405.018
404.766
397.375
397.375
397.375
391.512
390.072
388.513
388.513
386.594
381.771
377.419
377.419
373.563
370.653
365.278
359.375
353.573
353.573
353.573
349.08
348.726
345.469
341.817
340.977
337.282
335.286
335.286
335.286
332.772
332.333
330.069
326.374
323.421
319.848
316.895
316.895
315.779
315.779
310.063
310.063
310.063
310.063
306.993
301.848
300.316
300.316
298.366
298.298
296.348
295.172
295.172
295.172
294.716
294.716
294.716
294.084
294.065
293.354
293.354
293.354
292.682
292.658
291.709
291.709
291.037
291.037
291.037
288.964
288.964
286.361
286.361
286.361
286.361
285.591
285.591
285.591
285.591
285.591
285.591
285.339
284.895
284.895
284.895
284.895
284.895
284.895
284.895
284.895
284.895
284.895
284.895
284.895
283.002
282.289
282.289
282.123
282.123
282.123
282.123
282.123
282.123
282.123
282.123
282.123
282.123
282.123
282.05
281.205
280.912
279.994
279.994
279.994
279.994
279.994
279.994
279.994
279.994
279.994
278.223
278.223
277.035
277.035
277.035
276.589
276.589
273.238
273.238
273.238
273.238
273.238
273.238
273.238
273.238
273.238
273.238
273.029
273.029
273.029
273.029
273.029
272.19
272.19
272.19
272.19
272.19
272.19
272.19
272.19
272.19
272.19
272.19
272.19
272.19
272.19
272.19
272.19
272.19
272.19
272.19
272.19
272.19
272.19
272.19
272.19
272.19
271.677
271.677
271.677
271.677
