988.589
925.057
871.722
829.402
788.68
750.935
718.952
685.846
664.401
642.535
625.955
606.298
588.562
571.178
555.703
538.953
524.071
509.166
493.535
476.72
463.209
450.503
441.229
432.297
424.914
413.055
404.034
398.459
391.237
387.81
383.106
381.542
379.78
377.69
372.474
370.318
364.701
360.539
356.237
354.936
352.715
351.627
348.991
344.636
340.373
338.623
336.367
334.746
332.757
330.365
327.403
327.202
325.615
326.534
326.908
323.69
322.437
320.151
316.519
314.504
310.325
309.486
306.834
305.483
303.578
302.357
300.879
301.134
301.044
300.131
299.187
299.259
298.082
296.665
296.744
298.066
298.098
297.152
296.343
294.143
293.215
291.171
289.817
289.208
286.369
284.806
285.084
283.482
283.148
282.105
281.684
280.895
281.626
281.474
280.508
280.635
280.683
279.97
280.167
279.046
279.077
278.833
278.042
277.279
278.373
277.681
278.122
278.659
277.918
277.691
278.384
278.06
279.269
278.494
278.889
278.879
279.103
280.713
283.235
286.409
288.669
289.134
287.204
286.371
285.413
283.605
282.101
280.784
279.936
281.252
281.396
279.754
279.874
279.726
279.304
278.81
279.126
278.66
280.501
278.883
280.418
278.533
277.894
278.047
277.53
277.7
276.226
275.44
276.066
275.951
276.367
278.217
277.772
277.296
277.112
276.716
276.255
276.559
277.705
278.41
276.846
277.209
276.814
276.694
277.519
277.351
275.482
274.622
274.249
274.825
274.545
273.65
272.666
273.037
273.099
273.104
273.96
273.66
273.816
274.512
273.924
273.272
272.697
272.523
273.005
272.713
272.768
272.626
272.342
273.267
274.434
274.287
273.813
273.967
275.238
274.162
273.428
273.572
273.438
273.04
