788.474
751.201
711.226
701.031
672.527
642.802
609.133
594.544
578.457
571.037
534.703
520.955
499.847
495.51
469.757
461.109
456.668
440.486
440.295
434.573
421.579
416.452
408.128
403.427
399.496
395.992
391.787
387.179
380.18
371.372
370.616
369.329
366.649
362.004
356.848
349.862
346.249
341.13
332.284
331.939
327
326.549
325.42
324.721
322.351
322.351
320.658
319.883
319.63
317.937
317.162
312.37
312.37
310.703
310.703
310.703
309.682
309.682
306.017
304.995
301.838
301.838
301.838
299.741
299.741
297.574
297.574
297.458
296.353
296.353
296.353
296.353
296.353
296.353
296.353
295.386
293.171
293.171
293.171
293.171
293.171
293.171
293.171
293.171
293.171
293.171
293.171
293.147
291.653
291.653
291.629
290.859
290.859
290.859
287.509
287.509
287.509
287.509
287.134
287.134
282.257
282.257
282.257
282.257
282.257
282.257
282.257
282.257
282.257
282.257
282.257
282.257
282.257
282.257
282.257
282.257
282.257
282.257
282.257
282.257
282.257
282.257
282.257
282.257
282.257
282.257
282.257
282.257
282.257
282.257
282.257
282.257
282.257
282.257
281.031
281.031
281.031
277.929
277.278
277.278
277.278
277.278
277.278
277.278
277.278
277.278
277.278
277.278
277.278
277.278
277.278
277.278
277.278
277.278
277.278
277.278
277.278
277.278
277.278
277.278
277.278
277.278
277.278
274.052
274.052
274.052
274.052
274.052
272.402
272.402
272.402
272.402
272.402
272.402
272.402
272.402
272.402
272.402
272.402
272.402
272.402
272.402
272.402
272.402
272.402
272.402
272.402
272.402
272.402
272.402
272.402
272.402
272.402
272.402
272.402
272.402
272.402
272.402
272.402
272.402
