788.474
746.649
720.617
687.811
660.407
629.215
604.72
578.891
568.965
543.223
536.83
503.725
498.802
488.247
459.459
459.459
451.888
440.655
440.655
426.599
419.028
419.028
412.445
404.17
399.841
399.433
390.693
389.828
388.274
387.987
387.122
381.954
376.919
376.919
375.848
375.572
370.237
370.237
367.813
367.813
366.03
331.741
330.117
330.117
330.117
326.651
326.513
326.513
326.032
314.143
314.129
311.946
311.253
309.303
309.303
309.028
307.09
307.09
307.09
306.474
306.173
298.578
297.661
297.044
297.003
293.62
293.62
292.476
292.476
292.476
291.81
291.81
290.512
290.512
290.409
289.11
289.065
288.568
288.568
287.167
287.167
278.648
277.203
275.632
275.632
275.232
275.232
275.232
275.232
275.187
275.187
275.187
275.187
275.187
273.152
273.152
273.152
273.152
273.152
273.152
273.152
273.152
273.152
273.152
273.152
273.152
273.152
273.152
273.152
273.152
273.152
273.152
273.152
273.152
273.152
273.152
273.152
273.152
273.152
273.152
273.152
273.152
273.152
273.152
273.152
273.152
273.152
273.152
273.152
273.152
273.152
273.152
273.152
273.152
273.152
273.152
273.152
273.152
273.152
273.152
273.152
273.152
273.152
273.152
273.152
273.152
273.152
273.152
273.152
273.152
273.152
273.152
273.152
273.152
273.152
273.152
273.152
273.152
273.152
273.152
273.152
269.646
269.646
269.646
269.646
269.646
269.646
269.646
269.646
269.646
269.646
269.646
269.646
269.646
269.646
269.646
269.646
269.646
269.646
269.646
269.646
269.646
269.646
269.646
269.646
269.646
269.646
269.646
269.646
269.646
269.646
269.646
269.646
269.646
269.646
269.646
269.646
269.646
269.646
269.646
