776.93
755.947
720.706
688.473
683.248
653.038
631.746
586.694
579.178
553.605
543.975
532.013
502.959
496.66
492.06
471.424
465.332
463.53
452.568
448.55
446.109
437.691
430.923
426.515
412.899
410.816
405.917
393.038
393.038
391.479
381.287
381.287
379.482
376.32
374.335
373.635
372.953
365.807
362.439
357.667
357.667
353.924
353.924
342.154
342.154
340.051
339.009
337.366
336.669
335.426
334.193
332.044
330.67
323.404
318.955
318.257
316.186
309.777
309.08
306.691
305.994
304.187
304.187
304.187
303.963
300.698
300.698
295.938
294.546
294.546
294.546
293.247
292.854
291.554
291.386
291.329
287.876
286.409
286.409
285.928
285.276
283.386
283.386
283.162
283.162
282.433
282.433
281.686
280.733
280.733
280.733
280.509
280.509
280.509
280.343
280.343
280.343
279.376
279.211
279.211
278.833
277.796
277.796
277.419
277.419
277.419
277.419
276.554
276.554
276.554
276.554
276.554
275.906
275.906
274.382
274.382
274.382
274.382
274.382
274.382
274.382
274.266
274.266
274.266
274.266
273.152
273.152
272.462
272.462
269.646
269.646
269.646
269.646
269.646
269.646
269.646
269.646
269.646
269.646
269.646
269.646
269.646
269.646
269.646
269.646
269.646
269.646
269.646
269.646
269.646
269.646
269.646
269.646
269.646
269.646
269.646
269.646
269.646
269.646
269.646
269.646
269.646
269.646
269.646
269.646
269.646
269.646
269.646
269.646
269.646
269.646
269.646
269.646
269.646
269.646
269.646
269.646
269.646
269.646
269.646
269.646
269.646
269.646
269.646
269.646
269.646
269.646
269.646
269.646
269.646
269.646
269.646
269.646
269.646
269.646
269.646
269.646
269.646
269.646
269.646
