818.343
779.012
713.909
707.412
689.532
653.867
640.583
602.84
594.923
585.513
555.027
542.668
523.097
492.163
492.163
488.293
478.296
472.333
462.336
456.756
455.147
445.121
442.033
434.375
434.375
423.088
418.329
414.081
411.778
403.379
402.3
391.581
391.581
388.576
386.028
379.292
376.283
369.546
369.546
367.614
363.612
355.846
352.716
346.21
346.21
346.21
341.816
340.235
337.564
337.564
337.564
337.496
337.496
335.918
335.851
334.005
332.36
330.516
328.871
327.457
327.457
321.765
321.765
321.765
319.273
319.273
317.573
317.55
317.55
315.85
314.382
314.382
312.085
312.085
306.021
306.021
306.021
306.021
302.023
300.785
300.785
285.111
285.111
285.111
283.162
282.848
282.848
280.9
280.9
280.9
280.9
280.9
280.9
280.9
279.2
279.2
279.2
279.2
279.2
279.2
279.2
279.2
279.2
279.2
279.2
279.2
279.2
278.422
278.422
278.422
278.422
278.422
278.422
278.422
278.405
278.405
275.176
275.176
275.176
275.176
275.176
273.152
273.152
273.152
272.638
272.638
272.462
269.646
269.646
269.646
269.646
269.646
269.646
269.646
269.646
269.646
269.646
269.646
269.646
269.646
269.646
269.646
269.646
269.646
269.646
269.646
269.646
269.646
269.646
269.646
269.646
269.646
269.646
269.646
269.646
269.646
269.646
269.646
269.646
269.646
269.646
269.646
269.646
269.646
269.646
269.646
269.646
269.646
269.646
269.646
269.646
269.646
269.646
269.646
269.646
269.646
269.646
269.646
269.646
269.646
269.646
269.646
269.646
269.646
269.646
269.646
269.646
269.646
269.646
269.646
269.646
269.646
269.646
269.646
269.646
269.646
269.646
269.646
269.646
269.646
