988.589
925.71
873.574
835.307
802.359
774.173
749.269
722.191
701.253
678.015
658.679
638.731
621.816
605.387
589.942
570.546
553.551
537.075
520.463
502.585
488.37
470.901
456.141
442.958
433.322
423.443
416.358
411.812
406.161
403.162
399.841
396.125
392.208
387.039
378.162
373.935
366.042
360.302
354.905
351.568
347.73
346.339
344.766
343.572
342.298
341.555
339.01
338.101
337.401
337.61
336.574
336.777
335.492
333.722
332.35
328.873
328.186
326.078
323.419
321.88
317.734
315.973
311.979
308.945
306.391
305.752
302.595
301.994
301.12
298.542
297.377
297.135
296.507
295.075
293.944
294.27
294.068
293.512
293.575
292.854
293.317
293.175
292.645
293.691
291.99
291.174
291.942
291.006
290.956
289.798
289.263
288.571
289.18
288.781
288.011
288.852
288.658
288.129
288.998
288.321
288.535
289.082
288.723
287.729
288.752
288.325
288.598
289.134
288.553
288.394
289.279
289.129
289.877
289.307
289.612
289.306
288.752
288.75
288.494
288.395
288.715
288.216
287.696
287.945
288.37
288.563
287.903
287.18
287.179
287.777
287.89
286.197
286.893
286.343
285.976
286.018
286.238
285.616
287.737
286.814
288.633
286.757
285.698
285.593
284.848
285.268
283.349
282.633
283.179
282.779
283.459
285.294
284.549
284.136
283.698
282.792
282.717
282.981
284.065
284.546
283.538
284.092
283.866
284.305
285.223
285.047
284.064
283.724
283.725
284.174
283.851
283.571
285.078
287.46
290.523
292.095
292.679
291.001
288.783
287.601
285.742
284.259
282.608
282.264
282.819
282.545
282.185
282.593
281.97
282.995
283.785
283.493
283
282.853
283.484
282.865
282.593
282.604
282.562
282.714
