986.695
916.766
857.632
816.031
782.006
750.357
724.037
701.475
673.622
650.209
626.926
609.764
589.614
571.021
550.138
531.337
515.966
500.879
489.659
475.633
466.453
458.143
450.533
441.817
434.217
428.143
421.346
416.107
411.113
405.429
399.286
393.43
387.808
382.265
378.002
375.302
372.402
367.585
362.953
357.844
351.679
346.032
341.745
337.842
333.573
331.484
331.54
331.094
327.286
327.531
327.201
326.243
324.436
322.801
323.42
322.399
322.116
319.929
318.135
316.15
314.859
313.58
311.147
309.929
308.234
306.849
306.459
304.155
302.455
302.347
302.94
302.402
302.345
302.505
301.668
302.207
300.72
300.246
299.986
299.809
298.074
298.312
296.829
296.709
297.637
298.264
297.865
297.729
299.319
300.511
301.408
299.857
299.79
297.071
296.558
296.252
296.568
295.799
294.486
293.393
293.558
293.27
292.523
290.107
289.599
289.399
288.805
289.994
288.545
287.347
287.402
287.635
287.344
287.276
289.404
292.305
294.195
296.336
294.513
294.674
292.728
291.282
290.006
289.504
288.185
286.866
286.346
286.41
285.825
287.238
286.179
286.519
285.208
285.183
285.74
285.798
286.433
286.868
287.776
288.369
288.907
288.835
286.759
284.938
284.417
282.886
282.239
281.964
282.438
281.966
279.729
279.467
279.2
279.071
279.79
280.393
280.777
280.725
281.77
281.023
280.142
280.086
279.635
280.692
280.99
280.98
282.044
282.054
280.044
280.59
281.199
280.792
281.523
281.038
281.123
280.133
280.657
280.869
281.339
280.963
280.767
278.367
278.123
276.641
278.44
276.495
276.265
277.107
276.312
275.713
276.674
275.845
275.8
276.109
277.578
277.521
276.967
276.535
276.579
277.419
