815.559
785.001
748.958
711.798
690.075
645.114
645.114
623.296
607.061
595.254
574.14
545.346
545.346
498.355
494.132
494.132
479.236
452.961
452.452
429.645
414.125
414.125
410.614
397.397
394.588
389.771
383.014
380.916
376.525
363.785
363.785
357.032
353.629
353.629
347.916
347.916
341.366
338.313
332.508
332.508
329.081
329.025
329.025
328.467
328.467
326.94
323.826
322.254
320.481
318.72
317.505
314.227
313.669
313.669
313.669
311.95
305.285
304.727
304.727
300.314
298.992
298.992
296.875
295.064
295.064
294.743
294.341
292.208
292.208
292.043
291.326
290.06
290.06
288.367
288.367
288.307
288.307
287.477
287.477
286.985
286.985
286.985
286.725
286.725
286.725
286.725
285.916
285.916
285.916
285.916
285.904
284.828
284.828
284.828
284.828
284.828
284.828
284.783
284.783
284.783
284.783
284.783
284.783
284.783
284.783
284.783
284.783
284.783
284.77
284.653
284.653
283.977
283.977
283.977
283.977
283.977
283.977
283.977
283.977
283.977
283.977
283.977
283.977
283.532
283.532
281.687
281.687
281.687
281.687
281.687
281.687
281.687
281.687
281.687
281.687
281.687
281.687
281.397
281.397
280.387
280.387
280.387
280.387
280.387
280.387
280.387
280.387
280.387
280.387
280.387
280.387
280.387
280.387
280.387
280.387
280.387
280.387
280.387
280.387
280.387
280.353
280.353
280.353
280.353
280.353
279.783
279.173
279.173
279.173
279.173
279.173
279.173
279.173
279.173
279.173
279.173
279.173
279.173
279.173
279.173
279.173
279.173
279.173
279.173
279.173
279.173
279.173
279.173
279.173
279.173
279.173
279.173
279.173
279.173
279.173
279.173
279.173
279.173
279.173
279.173
