981.675
921.609
858.949
811.886
771.553
736.71
703.653
681.579
660.151
640.489
621.922
606.69
589.129
573.375
556.154
539.27
522.75
511.673
503.049
497.534
489.493
480.825
472.5
463.7
454.045
445.48
434.438
423.07
413.497
404.468
396.269
389.117
384.764
380.323
376.077
372.513
366.183
361.56
355.114
351.03
348.7
347.131
344.437
344.171
339.733
336.246
333.806
331.378
327.73
326.477
325.039
323.172
323.331
321.177
318.368
317.218
314.681
313.553
311.005
310.192
309.705
309.413
309.292
309.628
306.896
304.599
303.22
299.718
299.239
299.362
298.635
296.901
296.142
295.077
295.809
295.398
295.831
295.524
295.569
294.808
293.102
292.749
291.308
291.674
291.025
290.486
289.366
290.192
289.802
289.735
288.533
288.951
287.642
287.305
286.38
286.249
285.648
285.667
285.504
284.716
284.139
284.014
284.256
284.443
286.154
285.787
286.175
284.717
284.557
284.673
284.597
284.912
285.299
284.358
283.53
283.452
284.034
284.702
284.186
283.211
284.331
284.793
284.894
285.271
284.71
285.004
286.061
284.828
284.969
284.487
284.731
283.94
283.079
283.694
283.125
282.771
281.884
282.048
283.151
283.934
284.205
283.698
284.41
284.561
284.121
283.591
283.496
283.469
282.952
283.578
284.118
283.392
283.009
283.293
283.917
282.942
284.176
283.677
284.69
283.369
282.256
283.265
282.812
282.852
283.948
282.491
282.247
282.712
282.313
282.509
282.4
281.953
281.873
282.162
281.999
283.207
282.905
282.061
283.475
282.088
283.172
282.037
282.283
282.199
282.719
283.098
282.425
282.554
282.443
282.502
281.306
281.316
280.353
281.911
281.551
281.205
281.103
282.36
281.936
281.3
