0.639953 -0.768414 0 
0.257905 -0.96617 0 
0.110821 -0.99384 0 
-0.173708 -0.984797 0 
-0.3213 -0.946977 0 
-0.435361 -0.900256 0 
-0.604716 -0.796441 0 
-0.717996 -0.696048 0 
-0.822083 -0.569367 0 
-0.850693 -0.525662 0 
-0.955599 -0.294671 0 
-0.999915 0.0130078 0 
-0.957836 0.287314 0 
-0.900159 0.435561 0 
-0.780883 0.624678 0 
-0.412862 0.910794 0 
-0.147355 0.989084 0 
-0.037491 0.999297 0 
0.0923665 0.995725 0 
0.143971 0.989582 0 
0.165901 0.986142 0 
0.189537 0.981874 0 
0.194614 0.98088 0 
0.520751 0.853709 0 
0.646109 0.763245 0 
0.657718 0.753264 0 
0.966728 0.255806 0 
0.97599 0.217814 0 
0.978244 -0.207459 0 
0.91593 -0.401339 0 
0.887676 -0.460468 0 
0.800559 -0.599254 0 
0.789081 -0.614289 0 
0.770581 -0.637342 0 
0.639953 -0.768414 0 
