1 12 8 27 6 4 3 33 22 34 23 14 32 9 18 24 19 13 16 11 10 2 26 21 29 15 20 17 5 7 30 28 25 31 30.2471 
1 6 9 12 8 27 4 3 33 22 34 23 14 32 18 24 19 13 16 11 10 2 26 21 29 15 20 17 5 7 30 28 25 31 27.6865 
1 5 9 2 33 7 26 27 6 4 3 22 34 23 14 32 18 24 19 16 11 10 21 29 15 20 13 17 30 28 25 31 12 8 26.6227 
1 5 9 2 33 7 26 27 6 4 3 22 34 23 14 32 18 24 19 16 20 12 8 13 11 10 21 29 15 17 30 28 25 31 25.8782 
1 22 34 23 14 32 11 10 2 7 15 28 20 12 18 24 19 16 8 27 6 4 3 33 5 13 25 31 17 26 21 29 30 9 24.2171 
1 6 9 12 8 27 4 3 33 5 13 19 16 11 10 2 26 21 29 17 7 30 28 25 31 22 15 20 34 23 14 32 18 24 22.7189 
1 6 9 12 22 34 23 14 32 11 10 2 7 15 28 20 18 24 19 16 8 27 4 3 33 5 13 25 31 29 17 21 26 30 21.9005 
1 27 6 4 3 9 12 8 33 22 34 23 14 32 18 11 10 2 7 15 28 20 24 19 16 5 13 25 31 29 17 21 26 30 20.2982 
1 33 22 34 23 14 32 18 11 10 2 7 15 28 20 24 19 16 5 13 29 17 21 26 30 27 6 4 3 9 25 31 12 8 20.0326 
1 16 19 13 5 33 3 4 27 6 9 12 8 30 7 17 29 21 26 2 10 11 23 32 14 24 22 20 34 15 18 31 25 28 18.0041 
1 16 19 13 5 33 3 4 27 6 9 12 8 30 7 17 29 21 26 2 10 11 23 32 14 24 22 20 34 15 18 31 28 25 17.5187 
1 16 19 13 5 33 3 4 27 6 9 12 8 30 7 17 29 21 26 2 10 11 23 25 22 34 14 32 18 15 28 31 20 24 17.2866 
1 16 19 13 5 33 3 4 27 6 9 12 8 30 7 17 29 21 26 2 10 11 23 32 31 25 24 20 15 28 18 14 34 22 16.3646 
1 16 19 13 5 33 3 4 27 6 9 12 8 30 7 17 29 21 26 2 10 11 23 31 25 24 20 15 28 18 32 14 34 22 16.2744 
1 16 19 13 5 33 3 27 4 6 9 12 8 30 7 26 21 29 17 2 10 11 23 32 31 25 24 20 15 28 18 14 34 22 15.9611 
1 16 19 13 5 33 8 12 9 6 27 4 3 30 7 17 29 21 26 2 10 11 23 31 25 24 20 15 28 18 32 14 34 22 15.0986 
1 27 6 4 3 9 16 30 7 17 29 21 26 2 10 11 23 31 25 24 20 32 14 15 28 18 34 22 12 8 19 13 5 33 14.5269 
1 16 26 27 6 4 3 9 30 7 17 29 21 2 10 11 23 31 25 24 20 32 14 15 28 18 34 22 12 8 19 13 5 33 13.7003 
1 16 26 27 6 4 3 9 30 7 17 29 21 2 10 11 23 31 25 24 20 32 14 15 28 18 34 22 12 8 19 5 13 33 13.7001 
1 16 19 13 5 33 3 4 26 27 6 9 30 7 17 29 21 2 10 11 23 31 25 24 20 32 14 15 28 18 34 22 12 8 13.4549 
1 16 19 13 5 33 3 4 26 27 6 9 30 7 17 29 21 2 10 11 23 31 25 24 20 32 14 15 28 18 34 22 12 8 13.4549 
1 16 19 13 5 33 3 27 4 6 9 26 30 7 17 29 21 2 10 11 23 31 25 24 20 32 14 15 28 18 34 22 12 8 13.1047 
1 3 4 26 27 6 9 30 7 17 29 21 2 10 11 23 31 25 24 20 32 14 15 28 18 34 22 12 8 16 19 13 5 33 12.6871 
1 3 4 26 27 6 9 30 7 17 29 21 2 10 11 23 31 25 24 20 32 14 15 28 18 34 22 12 8 16 19 13 5 33 12.6871 
1 16 19 13 5 33 3 4 27 6 9 26 30 7 17 29 21 2 10 11 23 31 34 18 28 15 14 32 20 24 25 22 12 8 12.3535 
1 9 3 4 26 27 6 30 7 17 29 21 2 10 11 23 31 25 24 20 32 14 15 28 18 34 22 12 8 16 19 13 5 33 11.8793 
1 9 3 4 26 27 6 30 7 17 29 21 2 10 11 23 31 25 24 20 32 14 18 28 15 34 22 12 8 16 19 13 5 33 11.732 
1 9 3 4 26 27 6 30 7 17 29 21 2 10 11 23 31 25 24 20 32 14 18 28 15 34 22 12 8 16 19 13 5 33 11.732 
1 9 3 4 26 27 6 30 7 17 29 21 2 10 11 23 31 25 24 20 32 14 18 15 28 34 22 12 8 16 19 13 5 33 11.7316 
1 9 3 4 26 27 6 30 7 17 29 21 2 10 11 23 31 25 24 20 32 14 18 28 15 34 22 12 8 19 16 13 5 33 11.6018 
1 9 3 4 26 27 6 30 7 17 29 21 2 10 11 23 31 25 24 20 32 14 18 28 15 34 22 12 8 19 16 33 13 5 11.5052 
1 9 3 4 26 27 6 2 30 7 17 29 21 10 11 23 31 25 24 20 32 14 18 15 28 34 22 12 8 16 19 13 5 33 11.3299 
1 9 3 4 26 27 6 2 30 7 17 29 21 10 11 23 31 25 24 20 32 14 18 15 28 34 22 12 8 19 16 33 13 5 11.1031 
1 9 3 4 26 27 6 30 7 2 17 29 21 10 11 23 31 25 24 20 32 14 18 15 28 34 22 12 8 19 16 33 13 5 11.0267 
1 9 3 4 26 27 6 2 30 7 17 29 21 10 11 23 15 25 24 20 32 14 18 31 28 34 22 12 8 19 16 33 13 5 10.879 
1 9 3 4 26 27 6 2 30 7 17 11 10 21 29 23 31 25 24 20 32 14 18 28 15 34 22 12 8 19 16 33 13 5 10.6672 
1 9 3 4 26 27 6 2 30 7 17 11 10 21 29 23 31 25 24 20 32 14 18 15 28 34 22 12 8 19 16 33 13 5 10.6667 
1 9 3 4 26 27 6 2 30 7 17 11 10 21 29 23 15 25 24 20 32 14 18 31 28 34 22 12 8 19 16 33 13 5 10.4426 
1 33 5 9 3 4 26 27 6 2 30 7 21 10 17 29 11 23 31 25 24 20 32 14 18 28 15 34 22 12 8 19 16 13 10.1493 
1 33 5 9 3 4 26 27 6 2 30 7 21 10 17 11 29 23 31 25 24 20 32 14 18 28 15 34 22 12 8 19 16 13 9.71292 
1 33 5 9 3 4 26 27 6 2 30 7 21 10 17 11 29 23 15 25 24 20 32 14 18 31 28 34 22 12 8 19 16 13 9.48836 
1 33 5 9 3 4 26 27 6 2 30 7 21 10 17 11 29 23 15 25 24 20 32 14 18 31 28 34 22 12 8 19 16 13 9.48836 
1 33 5 9 3 4 26 27 6 2 30 7 21 10 17 11 29 23 15 25 24 20 32 14 18 31 28 34 22 12 8 19 16 13 9.48836 
1 27 6 9 3 4 26 2 30 7 21 10 17 11 29 23 15 25 24 20 32 14 18 31 28 34 22 12 8 19 16 13 33 5 9.27216 
1 9 3 26 4 27 6 7 30 2 21 10 17 11 29 23 15 25 24 20 32 14 18 31 28 34 22 12 8 19 16 13 33 5 8.64161 
1 9 3 26 4 27 6 7 30 2 21 10 17 11 29 23 15 25 24 20 32 14 18 31 28 34 22 12 8 19 16 13 33 5 8.64161 
1 9 3 26 4 27 6 7 30 2 21 10 17 11 29 23 15 25 24 20 32 14 18 31 28 34 22 12 8 19 16 33 13 5 8.60386 
1 9 3 26 4 27 6 7 30 2 21 10 17 11 29 23 15 25 24 20 32 14 18 31 28 34 22 12 8 19 16 33 13 5 8.60386 
1 9 3 27 6 4 26 2 30 7 21 10 17 11 29 23 15 25 24 20 32 14 18 31 28 34 22 12 8 19 16 13 33 5 8.44813 
1 9 3 27 6 4 26 7 30 2 21 10 17 11 29 23 15 25 24 20 32 14 18 31 28 34 22 12 8 19 16 33 13 5 7.98318 
1 9 3 27 6 4 26 7 30 2 21 10 17 11 29 23 15 25 24 20 32 14 18 31 28 34 22 12 8 19 16 33 13 5 7.98318 
1 9 3 27 6 4 26 7 30 2 21 10 17 11 29 23 15 25 24 20 32 14 18 31 28 34 22 12 8 19 16 33 13 5 7.98318 
1 9 3 27 6 4 26 7 30 2 21 10 17 11 29 23 15 25 24 20 32 14 18 31 28 34 22 12 8 19 16 33 13 5 7.98318 
1 33 5 9 3 27 6 4 26 7 30 2 21 10 17 11 29 23 15 31 28 34 32 14 18 25 24 20 22 12 8 19 16 13 7.4667 
1 33 5 9 3 27 6 4 26 7 30 2 21 10 17 11 29 23 15 31 28 34 32 14 18 25 24 20 22 12 8 19 16 13 7.4667 
1 5 9 3 27 6 4 26 7 30 2 21 10 17 11 29 23 15 31 28 34 32 14 18 25 24 20 22 12 8 19 16 13 33 7.40773 
1 33 5 9 3 27 6 4 26 7 30 2 21 10 17 11 29 23 15 28 31 34 32 14 18 25 24 20 22 12 8 19 16 13 7.20777 
1 33 5 9 3 27 6 4 26 7 30 2 21 10 17 11 29 23 15 28 31 34 32 14 18 25 24 20 22 12 8 19 16 13 7.20777 
1 33 5 9 3 27 6 4 26 7 30 2 21 10 17 11 29 23 15 28 31 34 32 14 18 25 24 20 22 12 8 19 16 13 7.20777 
1 33 5 9 3 27 6 4 26 7 30 2 21 10 17 11 29 23 15 28 31 34 32 14 18 25 24 20 22 12 8 19 16 13 7.20777 
1 33 5 9 3 27 6 4 26 7 30 2 21 10 17 11 29 23 15 28 34 31 32 14 18 25 24 20 22 12 8 19 16 13 7.10402 
1 9 3 27 6 4 26 7 30 2 21 10 17 11 29 23 15 28 31 34 32 14 18 25 24 20 22 12 8 19 16 33 13 5 6.74739 
1 9 3 27 6 4 26 7 30 2 21 10 17 11 29 23 15 28 31 34 32 14 18 25 24 20 22 12 8 19 16 33 13 5 6.74739 
1 9 3 27 6 4 26 7 30 2 21 10 17 11 29 23 15 28 31 34 32 14 18 25 24 20 22 12 8 19 16 33 13 5 6.74739 
1 9 3 27 6 4 26 7 30 2 21 10 17 11 29 23 15 28 31 34 32 14 18 25 24 20 22 12 8 19 16 33 13 5 6.74739 
1 9 3 27 6 4 26 7 30 2 21 10 17 11 29 23 15 28 31 34 32 14 18 25 24 20 22 12 8 19 16 33 13 5 6.74739 
1 9 3 27 6 4 26 7 30 2 21 10 17 11 29 23 15 28 34 31 18 32 14 25 24 20 22 12 8 19 16 13 33 5 6.63377 
1 9 3 27 6 4 26 7 30 2 21 10 17 11 29 23 15 28 34 31 18 32 14 25 24 20 22 12 8 19 16 33 13 5 6.59601 
1 9 3 27 6 4 26 7 30 2 21 10 17 11 29 23 15 28 34 31 18 32 14 25 24 20 22 12 8 19 16 33 13 5 6.59601 
1 9 3 27 6 4 26 7 30 2 21 10 17 11 29 23 15 28 34 31 18 32 14 25 24 20 22 12 8 19 16 33 13 5 6.59601 
1 9 3 27 6 4 26 7 30 2 21 10 17 11 29 23 15 28 34 31 18 32 14 25 24 20 22 12 8 19 16 33 13 5 6.59601 
1 9 3 27 6 4 26 7 30 2 21 10 17 11 29 23 15 28 34 31 18 32 14 25 20 24 22 12 8 19 16 33 13 5 6.56613 
1 9 3 27 6 4 26 7 30 2 21 10 17 11 29 23 15 28 34 31 18 32 14 25 20 24 22 12 8 19 16 33 13 5 6.56613 
1 9 3 27 6 4 26 7 30 2 21 10 17 11 29 23 15 28 34 31 18 32 14 25 20 24 22 12 8 19 16 33 13 5 6.56613 
1 9 3 27 6 4 26 7 30 2 21 10 17 11 29 23 15 28 34 31 18 32 14 25 20 24 22 12 8 19 16 33 13 5 6.56613 
1 9 3 27 6 4 26 7 30 2 21 10 17 11 29 23 15 28 34 31 18 14 32 25 20 24 22 12 8 19 16 33 13 5 6.55587 
1 9 3 27 6 4 26 7 30 2 21 10 17 11 29 23 15 28 34 31 18 14 32 25 20 24 22 12 8 19 16 33 13 5 6.55587 
1 9 3 27 6 4 26 7 30 2 21 10 17 11 29 23 15 28 34 31 18 14 32 25 20 24 22 12 8 19 16 33 13 5 6.55587 
1 9 3 27 6 4 26 7 30 2 21 10 17 11 29 23 15 28 34 31 18 14 32 25 20 24 22 12 8 19 16 33 13 5 6.55587 
1 9 3 27 6 4 26 7 30 2 21 10 17 11 29 23 15 28 34 31 18 14 32 25 20 24 22 12 8 19 16 33 13 5 6.55587 
1 9 3 27 6 4 26 7 30 2 21 10 17 11 29 23 15 28 34 31 18 14 32 25 20 24 22 12 8 19 16 33 13 5 6.55587 
1 9 3 6 27 4 26 7 30 2 21 10 17 11 29 23 15 28 34 31 18 14 32 25 20 24 22 12 8 19 16 33 13 5 6.25417 
1 9 3 6 27 4 26 7 30 2 21 10 17 11 29 23 15 28 34 31 18 14 32 25 20 24 22 12 8 19 16 33 13 5 6.25417 
1 9 3 6 27 4 26 7 30 2 21 10 17 11 29 23 15 28 34 31 18 14 32 25 20 24 22 12 8 19 16 33 13 5 6.25417 
1 9 3 6 27 4 26 7 30 2 21 10 17 11 29 23 15 28 34 31 18 14 32 25 20 24 22 12 8 19 16 33 13 5 6.25417 
1 9 3 6 27 4 26 7 30 2 21 10 17 11 29 23 15 28 34 31 18 14 32 25 20 24 22 12 8 19 16 33 13 5 6.25417 
1 9 3 6 27 4 26 7 30 2 21 10 17 11 29 23 15 28 34 31 18 14 32 25 20 24 22 12 8 19 16 33 13 5 6.25417 
1 9 3 6 27 4 26 7 30 2 21 10 17 11 29 23 15 28 34 31 18 14 32 25 20 24 22 12 8 19 16 33 13 5 6.25417 
1 9 3 6 27 4 26 7 30 2 21 10 17 11 29 23 15 28 34 31 18 14 32 25 20 24 22 12 8 19 16 33 13 5 6.25417 
1 9 3 6 27 4 26 7 30 2 21 10 17 11 29 23 15 28 34 31 18 14 32 25 20 24 22 12 8 19 16 33 13 5 6.25417 
1 9 3 6 27 4 26 7 30 2 21 10 17 11 29 23 15 28 34 31 18 14 32 25 20 24 22 12 8 19 16 33 13 5 6.25417 
1 9 3 6 27 4 26 7 30 2 21 10 17 11 29 23 15 28 34 31 18 14 32 25 20 24 22 12 8 19 16 33 13 5 6.25417 
1 9 3 6 27 4 26 7 30 2 21 10 17 11 29 23 15 28 34 31 18 14 32 25 20 24 22 12 8 19 16 33 13 5 6.25417 
1 9 3 6 27 4 26 7 30 2 21 10 17 11 29 23 15 28 34 31 18 14 32 25 20 24 22 12 8 19 16 33 13 5 6.25417 
1 9 3 6 27 4 26 7 30 2 21 10 17 11 29 23 15 28 34 31 18 14 32 25 20 24 22 12 8 19 16 33 13 5 6.25417 
1 9 3 6 27 4 26 7 30 2 21 10 17 11 29 23 15 28 34 31 18 14 32 25 20 24 22 12 8 19 16 33 13 5 6.25417 
1 9 3 6 27 4 26 7 30 2 21 10 17 11 29 23 15 28 34 31 18 14 32 25 20 24 22 12 8 19 16 33 13 5 6.25417 
1 9 3 6 27 4 26 7 30 2 21 10 17 11 29 23 15 28 34 31 18 14 32 25 20 24 22 12 8 19 16 33 13 5 6.25417 
1 9 3 6 27 4 26 7 30 2 21 10 17 11 29 23 15 28 34 31 18 14 32 25 20 24 22 12 8 19 16 33 13 5 6.25417 
1 9 3 6 27 4 26 7 30 2 21 10 17 11 29 23 15 28 34 31 18 14 32 25 20 24 22 12 8 19 16 33 13 5 6.25417 
1 9 3 6 27 4 26 7 30 2 21 10 17 11 29 23 15 28 34 31 18 14 32 25 20 24 22 12 8 19 16 33 13 5 6.25417 
1 9 3 6 27 4 26 7 30 2 21 10 17 11 29 23 15 28 34 31 18 14 32 25 20 24 22 12 8 19 16 33 13 5 6.25417 
1 9 3 6 27 4 26 7 30 2 21 10 17 11 29 23 15 28 34 31 18 14 32 25 20 24 22 12 8 19 16 33 13 5 6.25417 
1 9 3 6 27 4 26 7 30 2 21 10 17 11 29 23 15 28 34 31 18 14 32 25 20 24 22 12 8 19 16 33 13 5 6.25417 
1 9 3 6 27 4 26 7 30 2 21 10 17 11 29 23 15 28 34 31 18 14 32 25 20 24 22 12 8 19 16 33 13 5 6.25417 
1 9 3 6 27 4 26 7 30 2 21 10 17 11 29 23 15 28 34 31 18 14 32 25 20 24 22 12 8 19 16 33 13 5 6.25417 
1 9 3 6 27 4 26 7 30 2 21 10 17 11 29 23 15 28 34 31 18 14 32 25 20 24 22 12 8 19 16 33 13 5 6.25417 
1 9 3 6 27 4 26 7 30 2 21 10 17 11 29 23 15 28 34 31 18 14 32 25 20 24 22 12 8 19 16 33 13 5 6.25417 
1 9 3 6 27 4 26 7 30 2 21 10 17 11 29 23 15 28 34 31 18 14 32 25 20 24 22 12 8 19 16 33 13 5 6.25417 
1 9 3 6 27 4 26 7 30 2 21 10 17 11 29 23 15 28 34 31 18 14 32 25 20 24 22 12 8 19 16 33 13 5 6.25417 
1 9 3 6 27 4 26 7 30 2 21 10 17 11 29 23 15 28 34 31 18 14 32 25 20 24 22 12 8 19 16 33 13 5 6.25417 
1 9 3 6 27 4 26 7 30 2 21 10 17 11 29 23 15 28 34 31 18 14 32 25 20 24 22 12 8 19 16 33 13 5 6.25417 
1 9 3 6 27 4 26 7 30 2 21 10 17 11 29 23 15 28 34 31 18 14 32 25 20 24 22 12 8 19 16 33 13 5 6.25417 
1 9 3 6 27 4 26 7 30 2 21 10 17 11 29 23 15 28 34 31 18 14 32 25 20 24 22 12 8 19 16 33 13 5 6.25417 
1 9 3 6 27 4 26 7 30 2 21 10 17 11 29 23 15 28 34 31 18 14 32 25 20 24 22 12 8 19 16 33 13 5 6.25417 
1 9 3 6 27 4 26 7 30 2 21 10 17 11 29 23 15 28 34 31 18 14 32 25 20 24 22 12 8 19 16 33 13 5 6.25417 
1 9 3 6 27 4 26 7 30 2 21 10 17 11 29 23 15 28 34 31 18 14 32 25 20 24 22 12 8 19 16 33 13 5 6.25417 
1 9 3 6 27 4 26 7 30 2 21 10 17 11 29 23 15 28 34 31 18 14 32 25 20 24 22 12 8 19 16 33 13 5 6.25417 
1 9 3 6 27 4 26 7 30 2 21 10 17 11 29 23 15 28 34 31 18 14 32 25 20 24 22 12 8 19 16 33 13 5 6.25417 
1 9 3 6 27 4 26 7 30 2 21 10 17 11 29 23 15 28 34 31 18 14 32 25 20 24 22 12 8 19 16 33 13 5 6.25417 
1 9 3 6 27 4 26 7 30 2 21 10 17 11 29 23 15 28 34 31 18 14 32 25 20 24 22 12 8 19 16 33 13 5 6.25417 
1 9 3 6 27 4 26 7 30 2 21 10 17 11 29 23 15 28 34 31 18 14 32 25 20 24 22 12 8 19 16 33 13 5 6.25417 
1 9 3 6 27 4 26 7 30 2 21 10 17 11 29 23 15 28 34 31 18 14 32 25 20 24 22 12 8 19 16 33 13 5 6.25417 
1 9 3 6 27 4 26 7 30 2 21 10 17 11 29 23 15 28 34 31 18 14 32 25 20 24 22 12 8 19 16 33 13 5 6.25417 
1 9 3 6 27 4 26 7 30 2 21 10 17 11 29 23 15 28 34 31 18 14 32 25 20 24 22 12 8 19 16 33 13 5 6.25417 
1 9 3 6 27 4 26 7 30 2 21 10 17 11 29 23 15 28 34 31 18 14 32 25 20 24 22 12 8 19 16 33 13 5 6.25417 
1 9 3 6 27 4 26 7 30 2 21 10 17 11 29 23 15 28 34 31 18 14 32 25 20 24 22 12 8 19 16 33 13 5 6.25417 
1 9 3 6 27 4 26 7 30 2 21 10 17 11 29 23 15 28 34 31 18 14 32 25 20 24 22 12 8 19 16 33 13 5 6.25417 
1 9 3 6 27 4 26 7 30 2 21 10 17 11 29 23 15 28 34 31 18 14 32 25 20 24 22 12 8 19 16 33 13 5 6.25417 
1 9 3 6 27 4 26 7 30 2 21 10 17 11 29 23 15 28 34 31 18 14 32 25 20 24 22 12 8 19 16 33 13 5 6.25417 
1 9 3 6 27 4 26 7 30 2 21 10 17 11 29 23 15 28 34 31 18 14 32 25 20 24 22 12 8 19 16 33 13 5 6.25417 
1 9 3 6 27 4 26 7 30 2 21 10 17 11 29 23 15 28 34 31 18 14 32 25 20 24 22 12 8 19 16 33 13 5 6.25417 
1 9 3 6 27 4 26 7 30 2 21 10 17 11 29 23 15 28 34 31 18 14 32 25 20 24 22 12 8 19 16 33 13 5 6.25417 
1 9 3 6 27 4 26 7 30 2 21 10 17 11 29 23 15 28 34 31 18 14 32 25 20 24 22 12 8 19 16 33 13 5 6.25417 
1 9 3 6 27 4 26 7 30 2 21 10 17 11 29 23 15 28 34 31 18 14 32 25 20 24 22 12 8 19 16 33 13 5 6.25417 
1 9 3 6 27 4 26 7 30 2 21 10 17 11 29 23 15 28 34 31 18 14 32 25 20 24 22 12 8 19 16 33 13 5 6.25417 
1 9 3 6 27 4 26 7 30 2 21 10 17 11 29 23 15 28 34 31 18 14 32 25 20 24 22 12 8 19 16 33 13 5 6.25417 
1 9 3 6 27 4 26 7 30 2 21 10 17 11 29 23 15 28 34 31 18 14 32 25 20 24 22 12 8 19 16 33 13 5 6.25417 
1 9 3 6 27 4 26 7 30 2 21 10 17 11 29 23 15 28 34 31 18 14 32 25 20 24 22 12 8 19 16 33 13 5 6.25417 
1 9 3 6 27 4 26 7 30 2 21 10 17 11 29 23 15 28 34 31 18 14 32 25 20 24 22 12 8 19 16 33 13 5 6.25417 
1 9 3 6 27 4 26 7 30 2 21 10 17 11 29 23 15 28 34 31 18 14 32 25 20 24 22 12 8 19 16 33 13 5 6.25417 
1 9 3 6 27 4 26 7 30 2 21 10 17 11 29 23 15 28 34 31 18 14 32 25 20 24 22 12 8 19 16 33 13 5 6.25417 
1 9 3 6 27 4 26 7 30 2 21 10 17 11 29 23 15 28 34 31 18 14 32 25 20 24 22 12 8 19 16 33 13 5 6.25417 
1 9 3 6 27 4 26 7 30 2 21 10 17 11 29 23 15 28 34 31 18 14 32 25 20 24 22 12 8 19 16 33 13 5 6.25417 
1 9 3 6 27 4 26 7 30 2 21 10 17 11 29 23 15 28 34 31 18 14 32 25 20 24 22 12 8 19 16 33 13 5 6.25417 
1 9 3 6 27 4 26 7 30 2 21 10 17 11 29 23 15 28 34 31 18 14 32 25 20 24 22 12 8 19 16 33 13 5 6.25417 
1 9 3 6 27 4 26 7 30 2 21 10 17 11 29 23 15 28 34 31 18 14 32 25 20 24 22 12 8 19 16 33 13 5 6.25417 
1 9 3 6 27 4 26 7 30 2 21 10 17 11 29 23 15 28 34 31 18 14 32 25 20 24 22 12 8 19 16 33 13 5 6.25417 
1 9 3 6 27 4 26 7 30 2 21 10 17 11 29 23 15 28 34 31 18 14 32 25 20 24 22 12 8 19 16 33 13 5 6.25417 
1 9 3 6 27 4 26 7 30 2 21 10 17 11 29 23 15 28 34 31 18 14 32 25 20 24 22 12 8 19 16 33 13 5 6.25417 
1 9 3 6 27 4 26 7 30 2 21 10 17 11 29 23 15 28 34 31 18 14 32 25 20 24 22 12 8 19 16 33 13 5 6.25417 
1 9 3 6 27 4 26 7 30 2 21 10 17 11 29 23 15 28 34 31 18 14 32 25 20 24 22 12 8 19 16 33 13 5 6.25417 
1 9 3 6 27 4 26 7 30 2 21 10 17 11 29 23 15 28 34 31 18 14 32 25 20 24 22 12 8 19 16 33 13 5 6.25417 
1 9 3 6 27 4 26 7 30 2 21 10 17 11 29 23 15 28 34 31 18 14 32 25 20 24 22 12 8 19 16 33 13 5 6.25417 
1 9 3 6 27 4 26 7 30 2 21 10 17 11 29 23 15 28 34 31 18 14 32 25 20 24 22 12 8 19 16 33 13 5 6.25417 
1 9 3 6 27 4 26 7 30 2 21 10 17 11 29 23 15 28 34 31 18 14 32 25 20 24 22 12 8 19 16 33 13 5 6.25417 
1 9 3 6 27 4 26 7 30 2 21 10 17 11 29 23 15 28 34 31 18 14 32 25 20 24 22 12 8 19 16 33 13 5 6.25417 
1 9 3 6 27 4 26 7 30 2 21 10 17 11 29 23 15 28 34 31 18 14 32 25 20 24 22 12 8 19 16 33 13 5 6.25417 
1 9 3 6 27 4 26 7 30 2 21 10 17 11 29 23 15 28 34 31 18 14 32 25 20 24 22 12 8 19 16 33 13 5 6.25417 
1 9 3 6 27 4 26 7 30 2 21 10 17 11 29 23 15 28 34 31 18 14 32 25 20 24 22 12 8 19 16 33 13 5 6.25417 
1 9 3 6 27 4 26 7 30 2 21 10 17 11 29 23 15 28 34 31 18 14 32 25 20 24 22 12 8 19 16 33 13 5 6.25417 
1 9 3 6 27 4 26 7 30 2 21 10 17 11 29 23 15 28 34 31 18 14 32 25 20 24 22 12 8 19 16 33 13 5 6.25417 
1 9 3 6 27 4 26 7 30 2 21 10 17 11 29 23 15 28 34 31 18 14 32 25 20 24 22 12 8 19 16 33 13 5 6.25417 
1 9 3 6 27 4 26 7 30 2 21 10 17 11 29 23 15 28 34 31 18 14 32 25 20 24 22 12 8 19 16 33 13 5 6.25417 
1 9 3 6 27 4 26 7 30 2 21 10 17 11 29 23 15 28 34 31 18 14 32 25 20 24 22 12 8 19 16 33 13 5 6.25417 
1 9 3 6 27 4 26 7 30 2 21 10 17 11 29 23 15 28 34 31 18 14 32 25 20 24 22 12 8 19 16 33 13 5 6.25417 
1 9 3 6 27 4 26 7 30 2 21 10 17 11 29 23 15 28 34 31 18 14 32 25 20 24 22 12 8 19 16 33 13 5 6.25417 
1 9 3 6 27 4 26 7 30 2 21 10 17 11 29 23 15 28 34 31 18 14 32 25 20 24 22 12 8 19 16 33 13 5 6.25417 
1 9 3 6 27 4 26 7 30 2 21 10 17 11 29 23 15 28 34 31 18 14 32 25 20 24 22 12 8 19 16 33 13 5 6.25417 
1 9 3 6 27 4 26 7 30 2 21 10 17 11 29 23 15 28 34 31 18 14 32 25 20 24 22 12 8 19 16 33 13 5 6.25417 
1 9 3 6 27 4 26 7 30 2 21 10 17 11 29 23 15 28 34 31 18 14 32 25 20 24 22 12 8 19 16 33 13 5 6.25417 
1 9 3 6 27 4 26 7 30 2 21 10 17 11 29 23 15 28 34 31 18 14 32 25 20 24 22 12 8 19 16 33 13 5 6.25417 
1 9 3 6 27 4 26 7 30 2 21 10 17 11 29 23 15 28 34 31 18 14 32 25 20 24 22 12 8 19 16 33 13 5 6.25417 
1 9 3 6 27 4 26 7 30 2 21 10 17 11 29 23 15 28 34 31 18 14 32 25 20 24 22 12 8 19 16 33 13 5 6.25417 
1 9 3 6 27 4 26 7 30 2 21 10 17 11 29 23 15 28 34 31 18 14 32 25 20 24 22 12 8 19 16 33 13 5 6.25417 
1 9 3 6 27 4 26 7 30 2 21 10 17 11 29 23 15 28 34 31 18 14 32 25 20 24 22 12 8 19 16 33 13 5 6.25417 
1 9 3 6 27 4 26 7 30 2 21 10 17 11 29 23 15 28 34 31 18 14 32 25 20 24 22 12 8 19 16 33 13 5 6.25417 
1 9 3 6 27 4 26 7 30 2 21 10 17 11 29 23 15 28 34 31 18 14 32 25 20 24 22 12 8 19 16 33 13 5 6.25417 
1 9 3 6 27 4 26 7 30 2 21 10 17 11 29 23 15 28 34 31 18 14 32 25 20 24 22 12 8 19 16 33 13 5 6.25417 
1 9 3 6 27 4 26 7 30 2 21 10 17 11 29 23 15 28 34 31 18 14 32 25 20 24 22 12 8 19 16 33 13 5 6.25417 
1 9 3 6 27 4 26 7 30 2 21 10 17 11 29 23 15 28 34 31 18 14 32 25 20 24 22 12 8 19 16 33 13 5 6.25417 
1 9 3 6 27 4 26 7 30 2 21 10 17 11 29 23 15 28 34 31 18 14 32 25 20 24 22 12 8 19 16 33 13 5 6.25417 
1 9 3 6 27 4 26 7 30 2 21 10 17 11 29 23 15 28 34 31 18 14 32 25 20 24 22 12 8 19 16 33 13 5 6.25417 
1 9 3 6 27 4 26 7 30 2 21 10 17 11 29 23 15 28 34 31 18 14 32 25 20 24 22 12 8 19 16 33 13 5 6.25417 
1 9 3 6 27 4 26 7 30 2 21 10 17 11 29 23 15 28 34 31 18 14 32 25 20 24 22 12 8 19 16 33 13 5 6.25417 
1 9 3 6 27 4 26 7 30 2 21 10 17 11 29 23 15 28 34 31 18 14 32 25 20 24 22 12 8 19 16 33 13 5 6.25417 
1 9 3 6 27 4 26 7 30 2 21 10 17 11 29 23 15 28 34 31 18 14 32 25 20 24 22 12 8 19 16 33 13 5 6.25417 
1 9 3 6 27 4 26 7 30 2 21 10 17 11 29 23 15 28 34 31 18 14 32 25 20 24 22 12 8 19 16 33 13 5 6.25417 
1 9 3 6 27 4 26 7 30 2 21 10 17 11 29 23 15 28 34 31 18 14 32 25 20 24 22 12 8 19 16 33 13 5 6.25417 
1 9 3 6 27 4 26 7 30 2 21 10 17 11 29 23 15 28 34 31 18 14 32 25 20 24 22 12 8 19 16 33 13 5 6.25417 
1 9 3 6 27 4 26 7 30 2 21 10 17 11 29 23 15 28 34 31 18 14 32 25 20 24 22 12 8 19 16 33 13 5 6.25417 
1 9 3 6 27 4 26 7 30 2 21 10 17 11 29 23 15 28 34 31 18 14 32 25 20 24 22 12 8 19 16 33 13 5 6.25417 
1 9 3 6 27 4 26 7 30 2 21 10 17 11 29 23 15 28 34 31 18 14 32 25 20 24 22 12 8 19 16 33 13 5 6.25417 
1 9 3 6 27 4 26 7 30 2 21 10 17 11 29 23 15 28 34 31 18 14 32 25 20 24 22 12 8 19 16 33 13 5 6.25417 
1 9 3 6 27 4 26 7 30 2 21 10 17 11 29 23 15 28 34 31 18 14 32 25 20 24 22 12 8 19 16 33 13 5 6.25417 
1 9 3 6 27 4 26 7 30 2 21 10 17 11 29 23 15 28 34 31 18 14 32 25 20 24 22 12 8 19 16 33 13 5 6.25417 
1 9 3 6 27 4 26 7 30 2 21 10 17 11 29 23 15 28 34 31 18 14 32 25 20 24 22 12 8 19 16 33 13 5 6.25417 
1 9 3 6 27 4 26 7 30 2 21 10 17 11 29 23 15 28 34 31 18 14 32 25 20 24 22 12 8 19 16 33 13 5 6.25417 
1 9 3 6 27 4 26 7 30 2 21 10 17 11 29 23 15 28 34 31 18 14 32 25 20 24 22 12 8 19 16 33 13 5 6.25417 
1 9 3 6 27 4 26 7 30 2 21 10 17 11 29 23 15 28 34 31 18 14 32 25 20 24 22 12 8 19 16 33 13 5 6.25417 
