38.4844
35.861
33.089
31.0599
29.4746
28.0651
26.8099
25.601
24.2934
23.3711
22.5292
21.4464
20.5646
19.3397
18.4876
17.758
17.3088
16.7771
16.4323
16.0216
15.8003
15.4352
15.1536
14.6251
14.3306
14.0287
13.8135
13.5528
13.1217
12.7299
12.5469
12.3376
12.0377
11.8928
11.7244
11.5146
11.4477
11.2841
11.1508
11.225
11.1095
11.1391
10.8427
10.7262
10.4149
10.2671
10.2342
10.2148
10.1395
9.6941
9.39371
9.29923
9.10067
8.7473
8.70907
8.9318
8.58447
8.52794
8.67972
8.29665
8.21614
8.00186
7.80312
7.88531
7.78481
7.78541
7.61924
7.66884
7.43093
7.31139
7.37926
7.25394
7.35385
7.25973
7.04306
6.91266
6.91414
6.89888
6.89574
6.85942
6.6331
6.75825
6.82766
6.83984
6.74048
6.70648
6.52216
6.58793
6.57963
6.46145
6.508
6.47873
6.4782
6.46743
6.55191
6.59905
6.49394
6.53729
6.50851
6.50364
6.47464
6.47505
6.45815
6.3814
6.40737
6.4903
6.46127
6.50457
6.50671
6.46036
6.52402
6.62061
6.49426
6.46897
6.55326
6.51334
6.63754
6.53212
6.56804
6.55199
6.61687
6.54564
6.48202
6.56469
6.48154
6.4719
6.47158
6.44899
6.63529
6.82733
6.71061
6.49185
6.49631
6.49434
6.56559
6.48991
6.57477
6.59673
6.63374
6.62085
6.575
6.64105
6.53223
6.65471
6.56882
6.52457
6.43718
6.51123
6.51289
6.57184
6.60917
6.66413
6.70743
6.58065
6.65773
6.60669
6.77659
6.66595
6.45282
6.68138
6.62554
6.79193
6.86385
6.70259
6.6484
6.54796
6.54748
6.46438
6.51267
6.58267
6.61614
6.6077
6.66491
6.77663
6.80024
6.76303
6.78338
6.6899
6.71202
6.77505
6.77066
6.72639
6.78488
6.65965
6.68843
6.63723
6.69234
6.63086
6.74068
6.69385
6.57717
6.5373
6.50013
6.55107
6.62428
6.60191
6.48512
6.42742
6.36645
6.43459
