16.2923
15.3979
14.3373
13.4096
12.6958
12.0899
11.6637
11.3348
11.0307
10.8069
10.5782
10.3002
10.0016
9.61526
9.32196
8.97384
8.56403
8.17799
7.89933
7.68993
7.55861
7.32009
7.21002
7.06024
6.93878
6.77365
6.67296
6.5954
6.47231
6.3539
6.27809
6.24702
6.18785
6.13632
6.12178
6.05209
6.06611
6.08598
6.11151
6.17012
6.07244
6.01837
5.91584
5.90139
5.77754
5.76147
5.73718
5.72591
5.72087
5.63838
5.60852
5.64462
5.64842
5.61811
5.60916
5.6903
5.60764
5.58313
5.64565
5.60899
5.66133
5.6419
5.61956
5.63134
5.61247
5.62508
5.59862
5.6956
5.69891
5.71418
5.76578
5.77046
5.82038
5.7709
5.67632
5.63253
5.62908
5.60802
5.63591
5.68889
5.65783
5.6405
5.62509
5.58532
5.47581
5.45856
5.37666
5.3872
5.37423
5.35537
5.35162
5.32643
5.32364
5.3204
5.33888
5.34333
5.30628
5.28073
5.23908
5.20514
5.17935
5.19924
5.20955
5.17896
5.18423
5.20479
5.21261
5.23867
5.21712
5.21904
5.22923
5.25834
5.21531
5.21402
5.23514
5.21092
5.25053
5.21621
5.22397
5.23673
5.25546
5.24243
5.24345
5.27519
5.25279
5.25043
5.23739
5.22776
5.27114
5.36077
5.40544
5.38665
5.47392
5.54869
5.55478
5.49687
5.5094
5.4644
5.40643
5.33218
5.30778
5.31831
5.27163
5.2979
5.27346
5.24697
5.1969
5.2147
5.21106
5.22683
5.24782
5.2478
5.27071
5.23917
5.27196
5.25619
5.30662
5.27667
5.21145
5.28998
5.28013
5.31784
5.33625
5.31238
5.27943
5.26542
5.24995
5.2118
5.22178
5.23488
5.27093
5.27663
5.29579
5.32267
5.34293
5.29806
5.3204
5.3076
5.2846
5.27755
5.27645
5.26505
5.31323
5.26836
5.26015
5.23858
5.28242
5.26826
5.29328
5.27302
5.2432
5.2344
5.21452
5.2273
5.24194
5.22759
5.20166
5.18306
5.15872
5.17573
