0.588091 0.860523 0 
0.49793 0.791516 0 
0.348569 0.631618 0 
0.223473 0.453619 0 
0.347698 0.439938 0 
0.596406 0.392615 0 
0.649683 0.478256 0 
0.67831 0.767674 0 
0.722213 0.890017 0 
0.906163 0.981412 0 
0.859148 0.87465 0 
0.821199 0.733486 0 
0.96674 0.62253 0 
0.923841 0.273538 0 
0.841534 0.159181 0 
0.646643 0.162826 0 
0.391852 0.102944 0 
0.386476 0.134094 0 
0.0896423 0.084334 0 
0.218827 0.227006 0 
0.135761 0.317735 0 
0.018875 0.328819 0 
0.0349463 0.428275 0 
0.0279671 0.502276 0 
0.0411704 0.547605 0 
0.102169 0.60402 0 
0.255968 0.69794 0 
0.229347 0.751376 0 
0.0984688 0.854083 0 
0.138197 0.934273 0 
0.219651 0.894722 0 
0.235278 0.897732 0 
0.370596 0.960499 0 
0.548271 0.868997 0 
0.588091 0.860523 0 
