1 34 19 28 29 30 4 2 14 24 32 20 17 21 10 3 8 18 11 16 12 6 26 33 13 7 31 23 15 5 9 22 25 27 13.2858 
1 21 11 20 32 10 34 19 28 29 30 4 2 14 24 17 3 8 18 16 12 6 26 33 13 7 31 23 9 15 27 5 22 25 12.1346 
1 21 11 20 32 10 34 19 28 29 30 4 2 14 24 17 3 8 18 16 12 6 26 33 13 23 15 27 5 7 31 9 22 25 11.4186 
1 21 11 20 32 10 34 19 28 29 30 4 2 14 24 17 3 8 18 16 12 6 26 33 13 23 15 27 5 7 31 9 22 25 11.4186 
1 21 11 20 32 10 34 19 28 29 30 4 2 3 8 18 16 12 6 26 13 15 27 5 7 9 22 25 23 33 31 14 24 17 10.8214 
1 21 11 20 32 10 34 19 28 29 30 4 2 3 8 18 16 12 6 26 13 15 27 5 7 9 22 25 23 33 14 24 17 31 10.6126 
1 21 11 20 32 10 34 16 12 6 26 33 31 5 7 14 19 28 29 4 30 2 3 8 18 13 15 27 9 22 25 23 24 17 10.3024 
1 21 34 24 11 9 22 19 10 7 32 17 14 20 28 29 30 4 2 3 8 18 16 12 6 25 26 33 13 31 5 23 27 15 9.94912 
1 21 34 24 11 9 22 19 10 7 32 17 14 20 28 29 30 4 2 3 8 18 16 12 6 25 26 33 13 27 15 31 23 5 9.64595 
1 21 34 24 11 9 22 19 10 7 32 17 14 20 28 29 30 4 2 3 8 18 16 12 6 25 26 33 13 23 15 27 5 31 9.472 
1 21 24 17 32 10 34 19 28 11 9 22 7 14 20 29 30 4 2 3 8 18 16 12 6 25 26 33 13 23 15 27 5 31 8.88859 
1 21 24 17 32 10 34 19 28 11 9 22 7 14 20 29 30 4 2 3 8 18 16 12 6 25 26 33 13 23 15 27 5 31 8.88859 
1 21 24 17 32 10 34 19 28 11 9 6 7 14 20 29 30 4 2 3 8 18 16 12 22 25 26 33 13 23 15 27 5 31 8.61444 
1 21 34 24 11 9 22 19 10 7 32 17 14 20 28 2 3 29 30 4 8 18 13 33 26 25 16 12 6 23 15 27 5 31 8.09962 
1 21 24 17 32 10 34 19 28 11 9 22 7 14 20 2 3 29 30 4 8 18 13 33 26 25 16 12 6 23 15 27 5 31 7.51961 
1 21 24 17 32 10 34 19 28 11 9 22 7 14 20 2 3 29 30 4 8 18 13 33 26 25 16 12 6 23 15 27 31 5 7.3271 
1 21 24 17 32 10 34 19 28 11 9 22 7 14 20 2 3 29 30 4 8 18 13 33 26 25 16 12 6 23 15 27 31 5 7.3271 
1 21 24 17 32 10 34 19 28 11 9 22 7 14 20 2 3 29 30 4 8 18 13 33 26 25 16 12 6 23 15 27 31 5 7.3271 
1 21 24 17 32 10 34 20 28 11 9 22 7 14 19 2 3 29 30 4 8 18 13 33 26 25 16 12 6 23 15 27 31 5 6.82445 
1 21 24 17 32 10 34 20 28 11 9 22 7 14 19 2 3 29 30 4 8 18 13 33 26 25 16 12 6 23 15 27 31 5 6.82445 
1 21 24 17 32 10 34 20 28 11 9 22 7 14 19 2 3 29 30 4 8 18 13 33 26 25 16 12 6 23 15 27 31 5 6.82445 
1 21 24 17 32 10 7 20 28 11 9 22 34 14 19 2 3 29 30 4 8 18 13 33 26 25 16 12 6 23 15 27 31 5 6.56074 
1 21 24 7 17 32 10 34 20 28 11 9 22 14 19 2 3 29 30 4 8 18 13 33 26 25 16 12 6 23 15 27 31 5 6.49399 
1 21 24 7 17 32 10 34 20 28 11 9 22 14 19 2 3 30 29 4 8 18 13 33 26 25 16 12 6 23 15 27 31 5 6.47176 
1 21 24 7 17 32 10 34 20 28 11 9 22 6 12 16 25 26 33 13 18 8 4 29 30 3 2 19 14 23 15 27 31 5 6.09465 
1 21 24 7 17 32 10 34 20 28 11 9 22 6 12 16 25 26 33 13 18 8 4 29 30 3 2 19 14 23 15 27 31 5 6.09465 
1 21 24 17 7 32 10 34 20 28 11 9 22 6 12 16 25 26 33 13 18 8 4 29 30 3 2 19 14 23 15 27 31 5 6.06337 
1 21 24 17 7 32 10 34 20 28 11 9 22 6 12 16 25 26 33 13 18 8 4 29 30 3 2 14 19 23 15 27 31 5 6.05258 
1 21 24 17 7 32 10 34 20 28 11 9 22 6 12 16 25 26 33 13 18 8 4 29 30 3 2 14 19 23 15 27 31 5 6.05258 
1 24 17 7 32 10 34 20 28 11 9 6 22 12 16 25 26 33 13 18 8 4 29 30 3 2 19 14 23 15 27 31 5 21 6.00012 
1 21 24 17 7 10 32 34 20 28 11 9 22 6 12 16 25 26 33 13 18 8 4 29 30 3 2 14 19 23 15 27 31 5 5.97733 
1 21 24 17 7 32 10 34 20 28 11 9 6 22 12 16 25 26 33 13 18 8 4 29 30 3 2 14 19 23 15 27 31 5 5.97095 
1 21 24 17 7 10 32 34 20 28 11 9 6 22 12 16 25 26 33 13 18 8 4 29 30 3 2 14 19 23 15 27 31 5 5.8957 
1 21 24 17 7 10 32 34 20 28 11 9 6 22 12 16 25 26 33 13 18 8 4 29 30 3 2 14 19 23 15 27 31 5 5.8957 
1 21 24 17 7 10 32 34 20 28 11 9 6 22 12 16 25 26 33 13 18 8 4 29 30 3 2 14 19 23 15 27 31 5 5.8957 
1 3 30 29 4 8 18 13 33 26 25 16 12 22 6 9 11 28 20 34 32 10 7 17 24 21 5 14 19 23 15 27 31 2 5.62051 
1 3 30 29 4 8 18 13 33 26 25 16 12 22 6 9 11 28 20 34 32 10 7 17 24 21 5 14 19 23 15 27 31 2 5.62051 
1 21 24 17 7 10 32 34 20 28 11 9 6 22 12 16 25 26 33 13 18 8 4 29 30 3 2 31 27 15 23 19 14 5 5.54555 
1 21 24 17 7 10 32 34 20 11 28 9 6 22 12 16 25 26 33 13 18 8 4 29 30 3 2 31 27 15 23 19 14 5 5.49908 
1 21 24 17 7 10 32 34 20 9 11 28 6 22 12 16 25 26 33 13 18 8 4 29 30 3 2 31 27 15 23 19 14 5 5.49695 
1 21 24 17 7 10 32 34 20 9 11 28 6 22 12 16 25 26 33 13 18 8 4 29 30 3 2 31 27 15 23 19 14 5 5.49695 
1 21 24 17 7 10 32 34 20 9 11 28 6 22 12 16 25 26 33 13 18 8 4 29 30 3 2 31 27 15 23 19 14 5 5.49695 
1 21 24 17 7 10 32 34 20 9 11 28 6 22 12 16 25 26 33 13 18 8 4 29 30 3 2 31 27 15 23 19 14 5 5.49695 
1 21 24 17 7 10 32 34 20 9 11 28 6 22 12 16 25 33 26 13 18 8 4 29 30 3 2 31 27 15 23 19 14 5 5.49513 
1 21 24 17 7 10 32 34 20 9 11 28 6 22 12 16 25 33 26 13 18 8 4 29 30 3 2 31 27 15 23 19 14 5 5.49513 
1 21 24 17 7 10 32 34 20 9 11 28 6 22 12 16 25 33 26 13 18 8 4 29 30 3 2 31 27 15 23 19 14 5 5.49513 
1 21 24 17 7 10 32 34 20 9 11 28 6 22 12 16 25 33 26 13 18 8 4 29 30 3 2 31 27 15 23 19 14 5 5.49513 
1 21 24 17 7 10 32 34 20 9 11 28 6 22 12 16 25 33 26 13 18 8 4 29 30 3 2 31 27 15 23 19 14 5 5.49513 
1 21 24 17 7 10 32 34 20 9 11 28 6 22 12 16 25 33 26 13 18 8 4 29 30 3 2 31 27 15 23 19 14 5 5.49513 
1 21 24 17 7 10 32 34 20 9 11 28 6 22 12 16 25 33 26 13 18 8 4 29 30 3 2 31 27 15 23 19 14 5 5.49513 
1 21 24 17 7 10 32 34 20 9 11 28 6 22 12 16 25 33 26 13 18 8 4 29 30 3 2 31 27 15 23 19 14 5 5.49513 
1 21 24 17 7 10 32 34 20 9 11 28 6 22 12 16 25 33 26 13 18 8 4 29 30 3 2 31 27 15 23 19 14 5 5.49513 
1 21 24 17 7 10 32 34 20 9 11 28 6 22 12 16 25 33 26 13 18 8 4 29 30 3 2 31 27 15 23 19 14 5 5.49513 
1 21 24 17 7 10 32 34 20 9 11 28 6 22 12 16 25 33 26 13 18 8 4 29 30 3 2 31 27 15 23 19 14 5 5.49513 
1 21 24 17 7 10 32 34 20 9 11 28 6 22 12 16 25 33 26 13 18 8 4 29 30 3 2 31 27 15 23 19 14 5 5.49513 
1 21 24 17 7 10 32 34 20 9 11 28 6 22 12 16 25 33 26 13 18 8 4 29 30 3 2 31 27 15 23 19 14 5 5.49513 
1 21 24 17 7 10 32 34 20 9 11 28 6 22 12 16 25 33 26 13 18 8 4 29 30 3 2 31 27 15 23 19 14 5 5.49513 
1 21 24 17 7 10 32 34 20 9 11 28 6 22 12 16 25 33 26 13 18 8 4 29 30 3 2 31 27 15 23 19 14 5 5.49513 
1 21 24 17 7 10 32 34 20 9 11 28 6 22 12 16 25 33 26 13 18 8 4 29 30 3 2 31 27 15 23 19 14 5 5.49513 
1 21 24 17 7 10 32 34 20 9 11 28 6 22 12 16 25 33 26 13 18 8 4 29 30 3 2 31 27 15 23 19 14 5 5.49513 
1 21 24 17 7 10 32 34 9 20 11 28 6 22 12 16 25 33 26 13 18 8 4 29 30 3 2 31 27 15 23 19 14 5 5.47628 
1 21 24 17 7 10 32 34 9 20 11 28 6 22 12 16 25 33 26 13 18 8 4 29 30 3 2 31 27 15 23 19 14 5 5.47628 
1 21 24 17 7 10 32 34 9 20 11 28 6 22 12 16 25 33 26 13 18 8 4 29 30 3 2 31 27 15 23 19 14 5 5.47628 
1 21 24 17 7 10 32 34 9 20 11 28 6 22 12 16 25 33 26 13 18 8 4 29 30 3 2 31 27 15 23 19 14 5 5.47628 
1 21 24 17 7 10 32 34 9 20 11 28 6 22 12 16 25 33 26 13 18 8 4 29 30 3 2 31 27 15 23 19 14 5 5.47628 
1 21 24 17 7 10 32 34 19 20 11 28 6 22 12 16 25 33 26 13 18 8 4 29 30 3 2 31 27 15 23 9 14 5 5.46803 
1 21 24 17 7 10 32 34 19 20 11 28 6 22 12 16 25 33 26 13 18 8 4 29 30 3 2 31 27 15 23 9 14 5 5.46803 
1 21 24 17 7 10 32 34 19 20 11 28 6 22 12 16 25 33 26 13 18 8 4 29 30 3 2 31 27 15 23 9 14 5 5.46803 
1 21 24 17 7 10 32 34 19 20 11 28 6 22 12 16 25 33 26 13 18 8 4 29 30 3 2 31 27 15 23 9 14 5 5.46803 
1 21 24 17 7 10 32 34 19 20 11 28 6 22 12 16 25 33 26 13 18 8 4 29 30 3 2 31 27 15 23 9 14 5 5.46803 
1 21 24 17 7 10 32 34 19 20 11 28 6 22 12 16 25 33 26 13 18 8 4 29 30 3 2 31 27 15 23 9 14 5 5.46803 
1 21 24 17 7 10 32 34 19 20 11 28 6 22 12 16 25 33 26 13 18 8 4 29 30 3 2 31 27 15 23 9 14 5 5.46803 
1 21 24 17 7 10 32 34 19 20 11 28 6 22 12 16 25 33 26 13 18 8 4 29 30 3 2 31 27 15 23 9 14 5 5.46803 
1 21 24 17 7 10 32 34 19 20 11 28 6 22 12 16 25 33 26 13 18 8 4 29 30 3 2 31 27 15 23 9 14 5 5.46803 
1 21 24 17 7 10 32 34 19 20 11 28 6 22 12 16 25 33 26 13 18 8 4 29 30 3 2 31 27 15 23 9 14 5 5.46803 
1 21 24 17 7 10 32 34 19 20 11 28 6 22 12 16 25 33 26 13 18 8 4 29 30 3 2 31 27 15 23 9 14 5 5.46803 
1 21 24 17 7 10 32 34 14 9 23 15 27 31 2 3 30 29 4 8 18 13 26 33 25 16 12 22 6 28 11 20 19 5 5.31813 
1 21 24 17 7 10 32 34 14 20 11 28 6 22 12 16 25 33 26 13 18 8 4 29 30 3 2 31 27 15 23 9 19 5 5.22148 
1 21 24 17 7 10 32 34 14 20 11 28 6 22 12 16 25 33 26 13 18 8 4 29 30 3 2 31 27 15 23 9 19 5 5.22148 
1 21 24 17 7 10 32 34 14 20 11 28 6 22 12 16 25 33 26 13 18 8 4 29 30 3 2 31 27 15 23 9 19 5 5.22148 
1 21 24 17 7 10 32 34 14 20 11 28 6 22 12 16 25 33 26 13 18 8 4 29 30 3 2 31 27 15 23 9 19 5 5.22148 
1 21 24 17 7 10 32 34 14 20 11 28 6 22 12 16 25 33 26 13 18 8 4 29 30 3 2 31 27 15 23 9 19 5 5.22148 
1 21 24 17 7 10 32 34 14 20 11 28 6 22 12 16 25 33 26 13 18 8 4 29 30 3 2 31 27 15 23 9 19 5 5.22148 
1 21 24 17 7 10 32 34 14 20 11 28 6 22 12 16 25 33 26 13 18 8 4 29 30 3 2 31 27 15 23 9 19 5 5.22148 
1 21 24 17 7 10 32 34 14 20 11 28 6 22 12 16 25 33 26 13 18 8 4 29 30 3 2 31 27 15 23 9 19 5 5.22148 
1 21 24 17 7 10 32 34 14 20 11 28 6 22 12 16 25 33 26 13 18 8 4 29 30 3 2 31 27 15 23 9 19 5 5.22148 
1 21 24 17 7 10 32 34 14 20 11 28 6 22 12 16 25 33 26 13 18 8 4 29 30 3 2 31 27 15 23 9 19 5 5.22148 
1 21 24 17 7 10 32 34 14 20 11 28 6 22 12 16 25 33 26 13 18 8 4 29 30 3 2 31 27 15 23 9 19 5 5.22148 
1 21 24 17 7 10 32 34 14 20 11 28 6 22 12 16 25 33 26 13 18 8 4 29 30 3 2 31 27 15 23 9 19 5 5.22148 
1 21 24 17 7 10 32 34 14 20 11 28 6 22 12 16 25 33 26 13 18 8 4 29 30 3 2 31 27 15 23 9 19 5 5.22148 
1 21 24 17 7 10 32 34 14 20 11 28 6 22 12 16 25 33 26 13 18 8 4 29 30 3 2 31 27 15 23 9 19 5 5.22148 
1 21 24 17 7 10 32 34 14 20 11 28 6 22 12 16 25 33 26 13 18 8 4 29 30 3 2 31 27 15 23 9 19 5 5.22148 
1 21 24 17 7 10 32 34 14 20 11 28 6 22 12 16 25 33 26 13 18 8 4 29 30 3 2 31 27 15 23 9 19 5 5.22148 
1 21 24 17 7 10 32 34 14 20 11 28 6 22 12 16 25 33 26 13 18 8 4 29 30 3 2 31 27 15 23 9 19 5 5.22148 
1 21 24 17 7 10 32 34 14 20 11 28 6 22 12 16 25 33 26 13 18 8 4 31 29 30 3 2 27 15 23 9 19 5 5.11296 
1 21 24 17 7 10 32 34 14 20 11 28 6 22 12 16 25 33 26 13 18 8 4 31 29 30 3 2 27 15 23 9 19 5 5.11296 
1 21 24 17 7 10 32 34 14 20 11 28 6 22 12 16 25 33 26 13 18 8 4 31 29 30 3 2 27 15 23 9 19 5 5.11296 
1 21 24 17 7 10 32 34 14 20 11 28 6 22 12 16 25 33 26 13 18 8 4 31 29 30 3 2 27 15 23 9 19 5 5.11296 
1 21 24 17 7 10 32 34 14 20 11 28 6 22 12 16 25 33 26 13 18 8 4 31 29 30 3 2 27 15 23 9 19 5 5.11296 
1 21 24 17 7 10 32 34 14 20 11 28 6 22 12 16 25 33 26 13 18 8 4 31 29 30 3 2 27 15 23 9 19 5 5.11296 
1 21 24 17 7 10 32 34 14 20 11 28 6 22 12 16 25 33 26 13 18 8 4 31 29 30 3 2 27 15 23 9 19 5 5.11296 
1 21 24 17 7 10 32 34 14 20 11 28 6 22 12 16 25 33 26 13 18 8 4 31 29 30 3 2 27 15 23 9 19 5 5.11296 
1 21 24 17 7 10 32 34 14 20 11 28 6 22 12 16 25 33 26 13 18 8 4 31 29 30 3 2 27 15 23 9 19 5 5.11296 
1 21 24 17 7 10 32 34 14 20 11 28 6 22 12 16 25 33 26 13 18 8 4 31 29 30 3 2 27 15 23 9 19 5 5.11296 
1 21 24 17 7 10 32 34 14 20 11 28 6 22 12 16 25 33 26 13 18 8 4 31 29 30 3 2 27 15 23 9 19 5 5.11296 
1 21 24 17 7 10 32 34 14 20 11 28 6 22 12 16 25 33 26 13 18 8 4 31 29 30 3 2 27 15 23 9 19 5 5.11296 
1 21 24 17 7 10 32 34 14 20 11 28 6 22 12 16 25 33 26 13 18 8 4 31 29 30 3 2 27 15 23 9 19 5 5.11296 
1 21 24 17 7 10 32 34 14 20 11 28 6 22 12 16 25 33 26 13 18 8 4 31 29 30 3 2 27 15 23 9 19 5 5.11296 
1 21 24 17 7 10 32 34 14 20 11 28 6 22 12 16 25 33 26 13 18 8 4 31 29 30 3 2 27 15 23 9 19 5 5.11296 
1 21 24 17 7 10 32 34 14 20 11 28 6 22 12 16 25 33 26 13 18 8 4 31 29 30 3 2 27 15 23 9 19 5 5.11296 
1 21 24 17 7 10 32 34 14 20 11 28 6 22 12 16 25 33 26 13 18 8 4 31 29 30 3 2 27 15 23 9 19 5 5.11296 
1 21 24 17 7 10 32 34 14 20 11 28 6 22 12 16 25 33 26 13 18 8 4 31 29 30 3 2 27 15 23 9 19 5 5.11296 
1 21 24 17 7 10 32 34 14 20 11 28 6 22 12 16 25 33 26 13 18 8 4 31 29 30 3 2 27 15 23 9 19 5 5.11296 
1 21 24 17 7 10 32 34 14 20 11 28 6 22 12 16 25 33 26 13 18 8 4 31 29 30 3 2 27 15 23 9 19 5 5.11296 
1 21 24 17 7 10 32 34 14 20 11 28 6 22 12 16 25 33 26 13 18 8 4 31 29 30 3 2 27 15 23 9 19 5 5.11296 
1 21 24 17 7 10 32 34 14 20 11 28 6 22 12 16 25 33 26 13 18 8 4 31 29 30 3 2 27 15 23 9 19 5 5.11296 
1 21 24 17 7 10 32 34 14 20 11 28 6 22 12 16 25 33 26 13 18 8 4 31 29 30 3 2 27 15 23 9 19 5 5.11296 
1 21 24 17 7 10 32 34 14 20 11 28 6 22 12 16 25 33 26 13 18 8 4 31 29 30 3 2 27 15 23 9 19 5 5.11296 
1 21 24 17 7 10 32 34 14 20 11 28 6 22 12 16 25 33 26 13 18 8 4 31 29 30 3 2 27 15 23 9 19 5 5.11296 
1 21 24 17 7 10 32 34 14 20 11 28 6 22 12 16 25 33 26 13 18 8 4 31 29 30 3 2 27 15 23 9 19 5 5.11296 
1 21 24 17 7 10 32 34 14 20 11 28 6 22 12 16 25 33 26 13 18 8 4 31 29 30 3 2 27 15 23 9 19 5 5.11296 
1 21 24 17 7 10 32 34 14 20 11 28 6 22 12 16 25 33 26 13 18 8 4 31 29 30 3 2 27 15 23 9 19 5 5.11296 
1 21 24 17 7 10 32 34 14 20 11 28 6 22 12 16 25 33 26 13 18 8 4 31 29 30 3 2 27 15 23 9 19 5 5.11296 
1 21 24 17 7 10 32 34 14 20 11 28 6 22 12 16 25 33 26 13 18 8 4 31 29 30 3 2 27 15 23 9 19 5 5.11296 
1 21 24 17 7 10 32 34 14 20 11 28 6 22 12 16 25 33 26 13 18 8 4 31 29 30 3 2 27 15 23 9 19 5 5.11296 
1 21 24 17 7 10 32 34 14 20 11 28 6 22 12 16 25 33 26 13 18 8 4 31 29 30 3 2 27 15 23 9 19 5 5.11296 
1 21 24 17 7 10 32 34 14 20 11 28 6 22 12 16 25 33 26 13 18 8 4 31 29 30 3 2 27 15 23 9 19 5 5.11296 
1 21 24 17 7 10 32 34 14 20 11 28 6 22 12 16 25 33 26 13 18 8 4 31 29 30 3 2 27 15 23 9 19 5 5.11296 
1 5 19 9 23 15 27 2 3 30 29 31 4 8 18 13 26 33 25 16 12 22 6 28 11 20 14 34 32 10 7 17 24 21 5.11296 
1 5 19 9 23 15 27 2 3 30 29 31 4 8 18 13 26 33 25 16 12 22 6 28 11 20 14 34 32 10 7 17 24 21 5.11296 
1 5 19 9 23 15 27 2 3 30 29 31 4 8 18 13 26 33 25 16 12 22 6 28 11 20 14 34 32 10 7 17 24 21 5.11296 
1 5 19 9 23 15 27 2 3 30 29 31 4 8 18 13 26 33 25 16 12 22 6 28 11 20 14 34 32 10 7 17 24 21 5.11296 
1 5 19 9 23 15 27 2 3 30 29 31 4 8 18 13 26 33 25 16 12 22 6 28 11 20 14 34 32 10 7 17 24 21 5.11296 
1 5 19 9 23 15 27 2 3 30 29 31 4 8 18 13 26 33 25 16 12 22 6 28 11 20 14 34 32 10 7 17 24 21 5.11296 
1 5 19 9 23 15 27 2 3 30 29 31 4 8 18 13 26 33 25 16 12 22 6 28 11 20 14 34 32 10 7 17 24 21 5.11296 
1 5 19 9 23 15 27 2 3 30 29 31 4 8 18 13 26 33 25 16 12 22 6 28 11 20 14 34 32 10 7 17 24 21 5.11296 
1 5 19 9 23 15 27 2 3 30 29 31 4 8 18 13 26 33 25 16 12 22 6 28 11 20 14 34 32 10 7 17 24 21 5.11296 
1 5 19 9 23 15 27 2 3 30 29 31 4 8 18 13 26 33 25 16 12 22 6 28 11 20 14 34 32 10 7 17 24 21 5.11296 
1 5 19 9 23 15 27 2 3 30 29 31 4 8 18 13 26 33 25 16 12 22 6 28 11 20 14 34 32 10 7 17 24 21 5.11296 
1 5 19 9 23 15 27 2 3 30 29 31 4 8 18 13 26 33 25 16 12 22 6 28 11 20 14 34 32 10 7 17 24 21 5.11296 
1 5 19 9 23 15 27 2 3 30 29 31 4 8 18 13 26 33 25 16 12 22 6 28 11 20 14 34 32 10 7 17 24 21 5.11296 
1 5 19 9 23 15 27 2 3 30 29 31 4 8 18 13 26 33 25 16 12 22 6 28 11 20 14 34 32 10 7 17 24 21 5.11296 
1 5 19 9 23 15 27 2 3 30 29 31 4 8 18 13 26 33 25 16 12 22 6 28 11 20 14 34 32 10 7 17 24 21 5.11296 
1 5 19 9 23 15 27 2 3 30 29 31 4 8 18 13 26 33 25 16 12 22 6 28 11 20 14 34 32 10 7 17 24 21 5.11296 
1 5 19 9 23 15 27 2 3 30 29 31 4 8 18 13 26 33 25 16 12 22 6 28 11 20 14 34 32 10 7 17 24 21 5.11296 
1 5 19 9 23 15 27 2 3 30 29 31 4 8 18 13 26 33 25 16 12 22 6 28 11 20 14 34 32 10 7 17 24 21 5.11296 
1 5 19 9 23 15 27 2 3 30 29 31 4 8 18 13 26 33 25 16 12 22 6 28 11 20 14 34 32 10 7 17 24 21 5.11296 
1 5 19 9 23 15 27 2 3 30 29 31 4 8 18 13 26 33 25 16 12 22 6 28 11 20 14 34 32 10 7 17 24 21 5.11296 
1 5 19 9 23 15 27 2 3 30 29 31 4 8 18 13 26 33 25 16 12 22 6 28 11 20 14 34 32 10 7 17 24 21 5.11296 
1 5 19 9 23 15 27 2 3 30 29 31 4 8 18 13 26 33 25 16 12 22 6 28 11 20 14 34 32 10 7 17 24 21 5.11296 
1 5 19 9 23 15 27 2 3 30 29 31 4 8 18 13 26 33 25 16 12 22 6 28 11 20 14 34 32 10 7 17 24 21 5.11296 
1 5 19 9 23 15 27 2 3 30 29 31 4 8 18 13 26 33 25 16 12 22 6 28 11 20 14 34 32 10 7 17 24 21 5.11296 
1 5 19 9 23 15 27 2 3 30 29 31 4 8 18 13 26 33 25 16 12 22 6 28 11 20 14 34 32 10 7 17 24 21 5.11296 
1 5 19 9 23 15 27 2 3 30 29 31 4 8 18 13 26 33 25 16 12 22 6 28 11 20 14 34 32 10 7 17 24 21 5.11296 
1 5 19 9 23 15 27 2 3 30 29 31 4 8 18 13 26 33 25 16 12 22 6 28 11 20 14 34 32 10 7 17 24 21 5.11296 
1 5 19 9 23 15 27 2 3 30 29 31 4 8 18 13 26 33 25 16 12 22 6 28 11 20 14 34 32 10 7 17 24 21 5.11296 
1 5 19 9 23 15 27 2 3 30 29 31 4 8 18 13 26 33 25 16 12 22 6 28 11 20 14 34 32 10 7 17 24 21 5.11296 
1 5 19 9 23 15 27 2 3 30 29 31 4 8 18 13 26 33 25 16 12 22 6 28 11 20 14 34 32 10 7 17 24 21 5.11296 
1 5 19 9 23 15 27 2 3 30 29 31 4 8 18 13 26 33 25 16 12 22 6 28 11 20 14 34 32 10 7 17 24 21 5.11296 
1 5 19 9 23 15 27 2 3 30 29 31 4 8 18 13 26 33 25 16 12 22 6 28 11 20 14 34 32 10 7 17 24 21 5.11296 
1 5 19 9 23 15 27 2 3 30 29 31 4 8 18 13 26 33 25 16 12 22 6 28 11 20 14 34 32 10 7 17 24 21 5.11296 
1 5 19 9 23 15 27 2 3 30 29 31 4 8 18 13 26 33 25 16 12 22 6 28 11 20 14 34 32 10 7 17 24 21 5.11296 
1 5 19 9 23 15 27 2 3 30 29 31 4 8 18 13 26 33 25 16 12 22 6 28 11 20 14 34 32 10 7 17 24 21 5.11296 
1 5 19 9 23 15 27 2 3 30 29 31 4 8 18 13 26 33 25 16 12 22 6 28 11 20 14 34 32 10 7 17 24 21 5.11296 
1 5 19 9 23 15 27 2 3 30 29 31 4 8 18 13 26 33 25 16 12 22 6 28 11 20 14 34 32 10 7 17 24 21 5.11296 
1 5 19 9 23 15 27 2 3 30 29 31 4 8 18 13 26 33 25 16 12 22 6 28 11 20 14 34 32 10 7 17 24 21 5.11296 
1 5 19 9 23 15 27 2 3 30 29 31 4 8 18 13 26 33 25 16 12 22 6 28 11 20 14 34 32 10 7 17 24 21 5.11296 
1 5 19 9 23 15 27 2 3 30 29 31 4 8 18 13 26 33 25 16 12 22 6 28 11 20 14 34 32 10 7 17 24 21 5.11296 
1 5 19 9 23 15 27 2 3 30 29 31 4 8 18 13 26 33 25 16 12 22 6 28 11 20 14 34 32 10 7 17 24 21 5.11296 
1 5 19 9 23 15 27 2 3 30 29 31 4 8 18 13 26 33 25 16 12 22 6 28 11 20 14 34 32 10 7 17 24 21 5.11296 
1 5 19 9 23 15 27 2 3 30 29 31 4 8 18 13 26 33 25 16 12 22 6 28 11 20 14 34 32 10 7 17 24 21 5.11296 
1 5 19 9 23 15 27 2 3 30 29 31 4 8 18 13 26 33 25 16 12 22 6 28 11 20 14 34 32 10 7 17 24 21 5.11296 
1 5 19 9 23 15 27 2 3 30 29 31 4 8 18 13 26 33 25 16 12 22 6 28 11 20 14 34 32 10 7 17 24 21 5.11296 
1 5 19 9 23 15 27 2 3 30 29 31 4 8 18 13 26 33 25 16 12 22 6 28 11 20 14 34 32 10 7 17 24 21 5.11296 
1 5 19 9 23 15 27 2 3 30 29 31 4 8 18 13 26 33 25 16 12 22 6 28 11 20 14 34 32 10 7 17 24 21 5.11296 
1 5 19 9 23 15 27 2 3 30 29 31 4 8 18 13 26 33 25 16 12 22 6 28 11 20 14 34 32 10 7 17 24 21 5.11296 
1 5 19 9 23 15 27 2 3 30 29 31 4 8 18 13 26 33 25 16 12 22 6 28 11 20 14 34 32 10 7 17 24 21 5.11296 
1 5 19 9 23 15 27 2 3 30 29 31 4 8 18 13 26 33 25 16 12 22 6 28 11 20 14 34 32 10 7 17 24 21 5.11296 
1 5 19 9 23 15 27 2 3 30 29 31 4 8 18 13 26 33 25 16 12 22 6 28 11 20 14 34 32 10 7 17 24 21 5.11296 
1 5 19 9 23 15 27 2 3 30 29 31 4 8 18 13 26 33 25 16 12 22 6 28 11 20 14 34 32 10 7 17 24 21 5.11296 
1 5 19 9 23 15 27 2 3 30 29 31 4 8 18 13 26 33 25 16 12 22 6 28 11 20 14 34 32 10 7 17 24 21 5.11296 
1 5 19 9 23 15 27 2 3 30 29 31 4 8 18 13 26 33 25 16 12 22 6 28 11 20 14 34 32 10 7 17 24 21 5.11296 
1 5 19 9 23 15 27 2 3 30 29 31 4 8 18 13 26 33 25 16 12 22 6 28 11 20 14 34 32 10 7 17 24 21 5.11296 
1 5 19 9 23 15 27 2 3 30 29 31 4 8 18 13 26 33 25 16 12 22 6 28 11 20 14 34 32 10 7 17 24 21 5.11296 
1 5 19 9 23 15 27 2 3 30 29 31 4 8 18 13 26 33 25 16 12 22 6 28 11 20 14 34 32 10 7 17 24 21 5.11296 
1 5 19 9 23 15 27 2 3 30 29 31 4 8 18 13 26 33 25 16 12 22 6 28 11 20 14 34 32 10 7 17 24 21 5.11296 
1 5 19 9 23 15 27 2 3 30 29 31 4 8 18 13 26 33 25 16 12 22 6 28 11 20 14 34 32 10 7 17 24 21 5.11296 
1 5 19 9 23 15 27 2 3 30 29 31 4 8 18 13 26 33 25 16 12 22 6 28 11 20 14 34 32 10 7 17 24 21 5.11296 
1 5 19 9 23 15 27 2 3 30 29 31 4 8 18 13 26 33 25 16 12 22 6 28 11 20 14 34 32 10 7 17 24 21 5.11296 
1 5 19 9 23 15 27 2 3 30 29 31 4 8 18 13 26 33 25 16 12 22 6 28 11 20 14 34 32 10 7 17 24 21 5.11296 
1 5 19 9 23 15 27 2 3 30 29 31 4 8 18 13 26 33 25 16 12 22 6 28 11 20 14 34 32 10 7 17 24 21 5.11296 
1 5 19 9 23 15 27 2 3 30 29 31 4 8 18 13 26 33 25 16 12 22 6 28 11 20 14 34 32 10 7 17 24 21 5.11296 
1 5 19 9 23 15 27 2 3 30 29 31 4 8 18 13 26 33 25 16 12 22 6 28 11 20 14 34 32 10 7 17 24 21 5.11296 
1 5 19 9 23 15 27 2 3 30 29 31 4 8 18 13 26 33 25 16 12 22 6 28 11 20 14 34 32 10 7 17 24 21 5.11296 
1 5 19 9 23 15 27 2 3 30 29 31 4 8 18 13 26 33 25 16 12 22 6 28 11 20 14 34 32 10 7 17 24 21 5.11296 
1 5 19 9 23 15 27 2 3 30 29 31 4 8 18 13 26 33 25 16 12 22 6 28 11 20 14 34 32 10 7 17 24 21 5.11296 
1 5 19 9 23 15 27 2 3 30 29 31 4 8 18 13 26 33 25 16 12 22 6 28 11 20 14 34 32 10 7 17 24 21 5.11296 
1 5 19 9 23 15 27 2 3 30 29 31 4 8 18 13 26 33 25 16 12 22 6 28 11 20 14 34 32 10 7 17 24 21 5.11296 
1 5 19 9 23 15 27 2 3 30 29 31 4 8 18 13 26 33 25 16 12 22 6 28 11 20 14 34 32 10 7 17 24 21 5.11296 
1 5 19 9 23 15 27 2 3 30 29 31 4 8 18 13 26 33 25 16 12 22 6 28 11 20 14 34 32 10 7 17 24 21 5.11296 
