0
0.06413
0.0459508
0.0484858
0.0453819
0.0437027
0.0441758
0.0414089
0.0408815
0.0417925
0.0407553
0.0423936
0.043537
0.0404355
0.0409224
0.0395095
0.0379589
0.0360418
0.0377186
0.037553
0.0373559
0.0385081
0.0386428
0.0386983
0.0372283
0.0373856
0.0386668
0.039801
0.0405078
0.0394778
0.0382625
0.0392481
0.038385
0.038149
0.0378905
0.0382631
0.0367998
0.0373975
0.0388947
0.0402113
0.0406933
0.0413877
0.0405889
0.0409483
0.0414116
0.0424149
0.043104
0.0431996
0.0423997
0.0421609
0.0420699
0.0422269
0.0422384
0.0422228
0.0436576
0.043483
0.0436177
0.0439666
0.0456383
0.0455281
0.0439532
0.0437882
0.043221
0.044493
0.0457853
0.0455928
0.0454757
0.0445191
0.0454449
0.0464305
0.0456364
0.0449022
0.044484
0.0433721
0.0429678
0.0428221
0.043625
0.0441601
0.0447189
0.0454728
0.0460209
0.0453591
0.0446803
0.0436427
0.0439632
0.042886
0.0428773
0.0422898
0.0420352
0.0427856
0.0414537
0.0412992
0.0422839
0.0408488
0.0408577
0.0405705
0.0404945
0.0403512
0.0385337
0.0387968
