0
0.0466383
0.0426323
0.0425905
0.0442924
0.040366
0.0404559
0.0390246
0.0386079
0.0402024
0.0380288
0.0377883
0.0403711
0.041112
0.0383635
0.0382878
0.0374073
0.0373183
0.0398521
0.038001
0.0354012
0.0371769
0.0370603
0.0388514
0.0379308
0.0373821
0.0385684
0.0399613
0.0402145
0.0393663
0.0396519
0.0396696
0.0393467
0.0394515
0.039981
0.0404249
0.0390359
0.0384743
0.039132
0.0391825
0.0395581
0.0387854
0.0388883
0.0394827
0.0411752
0.0423622
0.0408522
0.0414413
0.0422509
0.039933
0.0393451
0.0396885
0.0402843
0.038989
0.0387156
0.0392557
0.0384674
0.0378987
0.0376577
0.0379093
0.0377159
0.0357776
0.0356917
0.036066
0.0366976
0.0378599
0.0386798
0.0377523
0.0377325
0.036725
0.0372458
0.0366742
0.0364639
0.0373036
0.0391023
0.0383208
0.0376049
0.0380143
0.038823
0.03811
0.0385846
0.0400358
0.040024
0.0403658
0.040621
0.0391763
0.0392724
0.0378826
0.0371377
0.0372017
0.0370943
0.0373715
0.037514
0.0371062
0.0359158
0.0355123
0.0360426
0.0358146
0.0359533
0.0362471
