1
1.32035
1.61581
1.84879
2.07597
2.27049
2.44968
2.62296
2.77828
2.92891
3.06233
3.20341
3.33661
3.46368
3.58274
3.70171
3.81704
3.93547
4.03944
4.13093
4.22563
4.32676
4.41436
4.50458
4.59976
4.68223
4.76452
4.84179
4.9217
5.00763
5.08729
5.16413
5.24142
5.31826
5.40103
5.4728
5.54808
5.62894
5.70718
5.78535
5.84783
5.91286
5.99288
6.05876
6.13596
6.19732
6.26547
6.32517
6.39706
6.46475
6.52905
6.58799
6.64839
6.71239
6.76554
6.82025
6.88743
6.94938
7.00701
7.06906
7.13426
7.19197
7.25295
7.31983
7.38033
7.43347
7.49867
7.55422
7.61572
7.67302
7.72467
7.78298
7.8277
7.88836
7.94318
7.99232
8.04565
8.09584
8.14862
8.20577
8.26349
8.32068
8.37225
8.42657
8.47746
8.51861
8.56862
8.60868
8.66694
8.70525
8.75628
8.80565
8.84682
8.88891
8.95252
8.99813
9.04192
9.09626
9.14122
9.17558
