1
1.25944
1.61921
1.82505
2.07018
2.25434
2.45242
2.60246
2.77262
2.92582
3.07435
3.20101
3.33924
3.45435
3.57536
3.68283
3.80207
3.9196
4.03686
4.13064
4.23506
4.33963
4.43104
4.52207
4.61113
4.7046
4.79686
4.87903
4.97109
5.06325
5.15596
5.23968
5.30626
5.38214
5.46464
5.53547
5.61242
5.69139
5.76921
5.83911
5.91131
5.98733
6.06331
6.14457
6.21935
6.28431
6.35203
6.42275
6.48622
6.54675
6.61066
6.67493
6.73808
6.78983
6.85428
6.9141
6.97351
7.0351
7.08907
7.14601
7.20978
7.27804
7.32966
7.39841
7.46056
7.52098
7.57809
7.63863
7.69153
7.75293
7.81337
7.86319
7.91404
7.96772
8.01663
8.06634
8.12045
8.16418
8.21303
8.26052
8.31536
8.36673
8.42335
8.47612
8.52107
8.57531
8.63078
8.67127
8.7157
8.76323
8.80117
8.85036
8.90829
8.95355
9.00429
9.05253
9.09881
9.14549
9.1939
9.23763
