0
0.209138
0.157144
0.11496
0.101625
0.0833927
0.0708331
0.0637992
0.0642643
0.0594498
0.0538394
0.0495214
0.0455743
0.046296
0.0449911
0.0457192
0.0433068
0.0433287
0.0419609
0.0402712
0.0383213
0.0371458
0.0360527
0.0357433
0.0343718
0.0332002
0.0319469
0.0314154
0.0304689
0.0294842
0.0301825
0.0312998
0.0305232
0.029614
0.0291153
0.0283081
0.0281491
0.0275857
0.0274441
0.027667
0.0277008
0.0270886
0.0264519
0.0258568
0.025507
0.0251348
0.0255566
0.0254185
0.0251392
0.0251017
0.0248773
0.0245604
0.0247138
0.0252695
0.024929
0.0251144
0.0246764
0.0242475
0.0238396
0.0240586
0.0236922
0.0233091
0.0234728
0.0231049
0.0229402
0.02259
0.0223028
0.0219828
0.0216621
0.0214073
0.0211205
0.0208992
0.0207023
0.0204528
0.020406
0.0202103
0.0200788
0.0200811
0.0198594
0.0196238
0.0193805
0.0192385
0.0190072
0.0191077
0.0188927
0.0187059
0.0184898
0.0182865
0.0180799
0.0178886
0.0176921
0.0175265
0.0180907
0.0180415
0.0179075
0.0182956
0.0181549
0.0181601
0.0180866
0.0179907
