0
0.0163471
0.0094382
0.00671058
0.00964354
0.00974529
0.0109197
0.0126136
0.0111274
0.011221
0.0102661
0.009963
0.0099059
0.00954876
0.00904261
0.00850377
0.00811014
0.00802041
0.00776981
0.00748893
0.00712392
0.00690715
0.00661756
0.00643708
0.00629682
0.00616943
0.00604219
0.00583446
0.00566482
0.00550228
0.0054387
0.00539763
0.00529071
0.00543852
0.0052877
0.00552537
0.00560509
0.00552957
0.00555011
0.00541842
0.00528761
0.00517056
0.00541284
0.00536175
0.00529069
0.00519413
0.00515173
0.00510638
0.00510679
0.00500557
0.0049687
0.00493712
0.00494326
0.00485092
0.0047622
0.00471645
0.00484332
0.00486223
0.00477984
0.00471647
0.00465873
0.00459276
0.0046987
0.00462807
0.00465327
0.00459814
0.00454893
0.00449001
0.00447541
0.00441104
0.00436374
0.00444854
0.00441837
0.0043819
0.00440484
0.00436606
0.00431014
0.00425584
0.0042147
0.00418839
0.00416303
0.00411211
0.00409817
0.00418809
0.00433114
0.00429439
0.00427249
0.00424871
0.00425383
0.0042282
0.00418804
0.00414306
0.00410688
0.00406965
0.00405145
0.00401215
0.00397059
0.00393431
0.00390576
0.00386864
