0
0.00594034
0.0376373
0.0395311
0.0424987
0.0511875
0.0458352
0.0414961
0.037988
0.0351106
0.0320347
0.029303
0.0271392
0.0267003
0.0263009
0.0246088
0.0252801
0.0238419
0.0241351
0.0229578
0.0218373
0.0208318
0.0200489
0.0191959
0.0186895
0.0204691
0.0197167
0.0193425
0.0195012
0.0189941
0.0189161
0.0186671
0.0180926
0.0185008
0.0179685
0.0174922
0.0173291
0.0174435
0.0170542
0.0166649
0.0171539
0.0167434
0.0163881
0.0160277
0.0157629
0.0154812
0.015847
0.0155137
0.0152586
0.0149702
0.014719
0.0144333
0.0142668
0.0140038
0.0137644
0.0135192
0.0133537
0.013174
0.0132071
0.0131868
0.0131392
0.0129793
0.0127774
0.0127791
0.0128253
0.0126767
0.0127297
0.0125496
0.0124661
0.0123929
0.0124737
0.0123719
0.0123605
0.0121974
0.0120863
0.0119949
0.0119069
0.0117967
0.0116649
0.0116038
0.0114883
0.0113511
0.0112245
0.0111052
0.0109825
0.0108774
0.0107568
0.0106348
0.0105407
0.0104897
0.0104534
0.0103592
0.0102786
0.0102152
0.0101416
0.0101054
0.0100008
0.00995892
0.00987695
0.00979485
