0
0.0288219
0.026883
0.0298901
0.0232433
0.0194995
0.0190816
0.0165742
0.0171308
0.0153852
0.0139207
0.0127559
0.0121018
0.0115186
0.0117601
0.0111346
0.0104635
0.00987421
0.00947005
0.00903973
0.00861772
0.00821686
0.0081052
0.00779865
0.00751825
0.00727056
0.00702666
0.00679253
0.00668056
0.00651052
0.00634671
0.00623479
0.00612605
0.00599855
0.0058361
0.00572792
0.00561966
0.00587098
0.00594031
0.00594154
0.00583018
0.00569454
0.00557632
0.00544837
0.00532715
0.00521374
0.0051407
0.00504836
0.00494813
0.00491148
0.00481758
0.00474465
0.00466493
0.00464323
0.00466846
0.00475987
0.00468949
0.00462256
0.00456991
0.00462706
0.00455329
0.00448783
0.00442427
0.00439001
0.00432235
0.0043951
0.00436188
0.00429725
0.00423989
0.00421587
0.0042758
0.00424373
0.00420392
0.00417223
0.00414293
0.00412164
0.00411252
0.00409654
0.00404581
0.0040047
0.00399156
0.00400965
0.00398099
0.00394093
0.00389889
0.00385821
0.00383598
0.00387723
0.00383898
0.00380153
0.00379956
0.0037613
0.00372446
0.00373099
0.0036962
0.00367135
0.00364329
0.00364474
0.00371914
0.00368782
