1.56189
1.53306
1.55418
1.53111
1.53316
1.53764
1.52802
1.52675
1.51781
1.51642
1.51676
1.51566
1.5127
1.51002
1.50519
1.50347
1.50378
1.50335
1.50179
1.50079
1.50136
1.50142
1.4994
1.50018
1.50093
1.50176
1.50111
1.50057
1.50186
1.501
1.50021
1.50126
1.50227
1.50146
1.50109
1.50189
1.50115
1.49902
1.50063
1.4993
1.49994
1.50017
1.50059
1.50054
1.50042
1.50062
1.50125
1.50085
1.50105
1.50026
1.50044
1.50088
1.50057
1.49979
1.49878
1.50006
1.50042
1.50079
1.50128
1.50239
1.50223
1.50195
1.50168
1.50113
1.50107
1.49997
1.49944
1.49943
1.49922
1.49866
1.49766
1.49717
1.49757
1.49711
1.49664
1.49612
1.49672
1.49727
1.49738
1.49766
1.49712
1.49785
1.49825
1.498
1.49819
1.49839
1.4988
1.49799
1.4982
1.4984
1.49895
1.4988
1.49896
1.49838
1.49819
1.49787
1.4976
1.49813
1.49904
1.49883
