1.47191
1.48825
1.48831
1.48902
1.49714
1.4914
1.48423
1.49257
1.49284
1.49802
1.49648
1.4931
1.49686
1.49952
1.49786
1.49874
1.50014
1.50256
1.50088
1.50221
1.50212
1.50087
1.50039
1.49925
1.49801
1.4968
1.49793
1.4983
1.49893
1.4995
1.49838
1.49957
1.49878
1.49698
1.49671
1.49874
1.49715
1.49624
1.49758
1.49789
1.49807
1.4984
1.50035
1.50124
1.50051
1.50097
1.50012
1.49932
1.50036
1.5005
1.50128
1.50208
1.50109
1.50106
1.50101
1.5004
1.50181
1.50081
1.5009
1.5005
1.50093
1.50123
1.49994
1.50012
1.49918
1.49956
1.49998
1.50026
1.50093
1.50095
1.50058
1.50171
1.50224
1.50269
1.50185
1.50144
1.50134
1.50123
1.5009
1.50043
1.5009
1.50093
1.50147
1.5004
1.49913
1.49878
1.49927
1.49881
1.49814
1.49857
1.4988
1.49872
1.49899
1.49922
1.49967
1.49983
1.49984
1.49965
1.49935
1.49948
