5.12431
4.91517
5.01575
4.98627
4.9373
4.94562
4.95269
4.97022
5.00127
5.01645
5.0138
5.01987
5.02126
5.0022
5.01511
4.99725
4.99167
4.97717
4.96817
4.97426
4.97317
4.97986
4.97354
4.98282
4.98036
4.97693
4.97691
4.98318
4.98626
4.98457
4.99445
5.00566
5.00229
5.00194
4.99737
4.99651
5.00237
4.99916
5.00475
4.99768
5.00394
5.00221
5.00202
5.0012
5.00462
5.00155
4.9946
4.99909
5.00259
4.99776
4.99408
4.99694
4.99143
4.98433
4.98186
4.98747
4.98804
4.98793
4.98849
4.99391
4.99513
4.99545
5.00044
5.00015
5.00313
5.00318
5.00165
5.00097
5.00088
5.00244
5.00328
5.00153
5.00347
5.00232
4.99928
4.99755
4.99524
4.99847
4.99964
4.99889
4.99903
5.00095
5.00122
4.99769
4.99704
4.99591
4.99583
4.99637
4.9964
4.99578
4.99599
4.995
5.00017
4.99789
4.99646
4.99191
4.99058
4.99321
4.99521
4.99696
