5.02073
5.01479
5.05227
5.02304
5.05251
5.01488
5.03002
5.01793
5.00774
4.99889
5.00309
5.00495
5.00811
4.99908
5.00767
5.00711
4.99687
4.99627
5.00487
5.00319
5.00313
5.0038
5.00619
5.00633
5.00954
5.01936
5.02026
5.01663
5.01098
5.00856
5.00405
5.00045
5.00042
4.99457
4.99419
4.99521
4.99192
4.99636
4.99489
4.99608
5.00157
5.00188
5.003
5.00228
5.00401
5.00543
5.00077
5.00067
4.99926
5.00003
4.99888
4.99893
4.99717
4.9975
4.9968
4.99652
4.99512
4.99395
4.99135
4.98905
4.98694
4.98812
4.98774
4.99001
4.98751
4.98861
4.99109
4.99155
4.98997
4.99159
4.99411
4.99545
4.99743
4.99778
4.99665
4.99537
4.99409
4.99511
4.99576
4.99436
4.99517
4.99546
4.99596
4.99653
4.99697
4.99769
4.99735
4.99721
4.99647
4.99529
4.994
4.99336
4.99416
4.99318
4.99235
4.99116
4.99121
4.9923
4.99169
4.99227
