-0.258459
-0.352399
-0.377435
-0.35929
-0.449602
-0.451208
-0.471411
-0.438494
-0.373813
-0.402671
-0.418135
-0.465168
-0.434352
-0.546698
-0.482577
-0.490427
-0.463525
-0.466274
-0.45835
-0.518711
-0.49149
-0.512331
-0.49032
-0.511786
-0.489932
-0.425664
-0.455534
-0.458625
-0.424735
-0.404763
-0.450779
-0.465036
-0.38438
-0.41319
-0.400773
-0.347157
-0.324915
-0.346316
-0.352869
-0.456925
-0.369874
-0.422012
-0.435854
-0.440999
-0.41226
-0.430739
-0.432476
-0.425075
-0.381126
-0.375705
-0.49765
-0.474856
-0.454333
-0.420012
-0.453313
-0.360845
-0.429831
-0.456429
-0.474832
-0.393532
-0.388951
-0.414931
-0.437638
-0.482603
-0.522523
-0.42159
-0.366848
-0.423668
-0.423038
-0.384022
-0.389864
-0.38978
-0.400269
-0.40075
-0.377706
-0.440735
-0.466105
-0.462059
-0.444499
-0.487892
-0.476267
-0.4962
-0.537974
-0.433214
-0.382635
-0.41233
-0.525524
-0.4418
-0.409777
-0.384393
-0.417461
-0.499424
-0.46999
-0.518379
-0.445874
-0.424333
-0.459663
-0.403219
-0.407747
-0.39677
-0.313062
-0.350142
-0.364271
-0.304596
-0.312529
-0.347961
-0.386791
-0.399525
-0.432902
-0.338424
-0.360558
-0.399347
-0.398227
-0.357784
-0.373829
-0.392642
-0.388389
-0.378596
-0.404116
-0.413416
-0.455854
-0.438265
-0.48347
-0.467171
-0.421783
-0.383579
-0.339071
-0.373038
-0.416626
-0.420194
-0.356783
-0.437478
-0.480309
-0.377567
-0.333235
-0.3893
-0.419118
-0.390635
-0.364551
-0.371552
-0.413465
-0.319193
-0.324682
-0.404729
-0.378347
-0.436127
-0.449671
-0.337152
-0.35857
-0.367017
-0.444218
-0.383521
-0.374108
-0.352814
-0.340133
-0.378143
-0.410785
-0.389882
-0.405767
-0.331634
-0.38192
-0.396769
-0.401016
-0.36249
-0.359229
-0.384275
-0.366422
-0.386424
-0.421577
-0.379588
-0.390159
-0.38339
-0.405493
-0.374052
-0.331588
-0.358477
-0.378837
-0.408711
-0.421901
-0.418022
-0.459345
-0.41795
-0.40867
-0.448184
-0.372365
-0.38962
-0.349196
-0.391451
-0.424893
-0.432424
-0.491115
-0.482416
-0.432372
-0.452986
-0.426758
-0.418985
-0.406386
-0.445733
-0.45007
-0.453835
-0.392741
-0.396873
-0.438776
-0.386139
-0.374836
-0.476748
-0.448535
-0.358195
-0.354009
-0.307361
-0.397042
-0.417136
-0.399767
-0.391294
-0.455995
-0.453315
-0.414462
-0.416458
-0.437504
-0.421995
-0.503703
-0.541078
-0.451344
-0.484985
-0.427007
-0.422103
-0.371728
-0.376069
-0.440628
-0.431132
-0.469541
-0.438554
-0.492875
-0.486357
-0.403144
-0.384711
-0.405063
-0.381439
-0.346324
-0.356436
-0.298301
-0.311149
-0.372134
-0.40863
-0.466263
-0.438358
-0.425238
-0.480231
-0.493593
-0.523523
-0.435285
-0.39271
-0.362456
-0.362273
-0.34202
-0.403469
-0.412353
-0.399146
-0.497427
-0.48758
-0.421732
-0.439434
-0.35196
-0.436223
-0.362117
-0.420029
-0.338224
-0.373373
-0.386318
-0.352346
-0.392937
-0.30178
-0.361061
-0.384164
-0.388247
-0.323754
-0.372276
-0.338399
-0.374103
-0.323591
-0.371339
-0.471977
-0.457546
-0.420563
-0.369318
-0.391987
-0.415806
-0.436789
-0.439993
-0.408247
-0.379079
-0.355853
-0.371675
-0.343455
-0.347491
-0.401465
-0.402291
-0.395567
-0.293213
-0.382891
-0.416974
-0.415011
-0.453921
-0.456928
-0.432984
-0.458396
-0.478063
-0.433125
-0.479253
-0.434922
-0.465405
-0.456861
-0.448529
-0.429537
-0.461021
-0.496672
-0.503801
-0.443949
-0.443984
-0.479616
-0.464092
-0.361885
-0.40057
-0.448582
-0.391267
-0.450809
-0.47527
-0.516676
-0.452855
-0.456455
-0.41399
-0.419635
-0.490049
-0.44101
-0.445269
-0.524415
-0.484751
-0.418488
-0.422034
-0.473555
-0.501474
-0.453667
-0.542887
-0.565752
-0.511837
-0.536609
-0.455699
-0.399266
-0.449986
-0.478762
-0.483558
-0.402503
-0.398757
-0.414143
-0.423345
-0.411718
-0.408553
-0.452615
-0.418243
-0.431248
-0.497653
-0.414965
-0.491417
-0.535785
-0.493014
-0.449887
-0.449058
-0.376763
-0.375321
-0.368596
-0.402433
-0.301854
-0.304275
-0.338717
-0.39183
-0.355797
-0.392457
-0.364111
-0.328394
-0.324577
-0.342951
-0.364945
-0.429081
-0.342491
-0.37044
-0.432765
-0.420981
-0.435385
-0.450617
-0.406276
-0.429358
-0.404874
-0.503802
-0.441542
-0.496181
-0.477534
-0.397339
-0.411918
-0.425141
-0.471908
-0.43048
-0.434298
-0.440684
-0.488379
-0.362054
-0.372528
-0.430649
-0.369642
-0.384972
-0.371696
-0.319445
-0.332321
-0.362693
-0.400795
-0.383378
-0.378
-0.375313
-0.434411
-0.412856
-0.377332
-0.392378
-0.400988
-0.405818
-0.441416
-0.472871
-0.421422
-0.341863
-0.485426
-0.438533
-0.50009
-0.531824
-0.428276
-0.433756
-0.390735
-0.408659
-0.420034
-0.399817
-0.373561
-0.465239
-0.450104
-0.424042
-0.50066
-0.501528
-0.445368
-0.436953
-0.401402
-0.381637
-0.348731
-0.33845
-0.366035
-0.400006
-0.430482
-0.43831
-0.412152
-0.409056
-0.432535
-0.441936
-0.398138
-0.426619
-0.40111
-0.330148
-0.408455
-0.428266
-0.389559
-0.379975
-0.406048
-0.434527
-0.447855
-0.378527
-0.371662
-0.354402
-0.379928
-0.426229
-0.460989
-0.386227
-0.352882
-0.391458
-0.375217
-0.376503
-0.37535
-0.349135
-0.416378
-0.490509
-0.395483
-0.38446
-0.406799
-0.42081
-0.404537
-0.466595
-0.439306
-0.49271
-0.404523
-0.427225
-0.446918
-0.443744
-0.441783
-0.449476
-0.422116
-0.379926
-0.365584
-0.383487
-0.418531
-0.40576
-0.434301
-0.374515
-0.428787
-0.473336
-0.444898
-0.443066
-0.374801
-0.474811
-0.528414
-0.387782
-0.465041
-0.509271
-0.535619
-0.509793
-0.381371
-0.385251
-0.407413
-0.456356
-0.406845
-0.432775
-0.419006
-0.490021
-0.432048
-0.44012
-0.429183
-0.425729
-0.398207
-0.411074
-0.394017
-0.453418
-0.416855
-0.443974
-0.468077
-0.413998
-0.398055
-0.374359
-0.343826
-0.374057
-0.383207
-0.384999
-0.356534
-0.389322
-0.424316
-0.401841
-0.356189
-0.399508
-0.423162
-0.408214
-0.421426
-0.430497
-0.346783
-0.323483
-0.349054
-0.302089
-0.31965
-0.363412
-0.363372
-0.373802
-0.371453
-0.383364
-0.457142
-0.435179
-0.34847
-0.437983
-0.44737
-0.427038
-0.440551
-0.446735
-0.462889
-0.495089
-0.455931
-0.364902
-0.400867
-0.390316
-0.328259
-0.366868
-0.398505
-0.354377
-0.323681
-0.349452
-0.369895
-0.298149
-0.359141
-0.377962
-0.419694
-0.405959
-0.405387
-0.385221
-0.414366
-0.439656
-0.508497
-0.379773
-0.443663
-0.415883
-0.372989
-0.353911
-0.444194
-0.426644
-0.358757
-0.384391
-0.392839
-0.374699
-0.453285
-0.409462
-0.473096
-0.459817
-0.461029
-0.452101
-0.422986
-0.359823
-0.313433
-0.366223
-0.335113
-0.388827
-0.406076
-0.497564
-0.41633
-0.3357
-0.309429
-0.368315
-0.308237
-0.352474
-0.304351
-0.321493
-0.278437
-0.417615
-0.462594
-0.384531
-0.396584
-0.360802
-0.365738
-0.369399
-0.383754
-0.363617
-0.347816
-0.372445
-0.428267
-0.410408
-0.435658
-0.443369
-0.409233
-0.435885
-0.376112
-0.359046
-0.437778
-0.463687
-0.468856
-0.383672
-0.411136
-0.377877
-0.39294
-0.437358
-0.401951
-0.468037
-0.474407
-0.423277
-0.39763
-0.47266
-0.406818
-0.375874
-0.355616
-0.318409
-0.298563
-0.306539
-0.400279
-0.396478
-0.455073
-0.511214
-0.471133
-0.426775
-0.416951
-0.386931
-0.352076
-0.356974
-0.386158
-0.341259
-0.469784
-0.437049
-0.417936
-0.478498
-0.454932
-0.41186
-0.397509
-0.403072
-0.416831
-0.466236
-0.414603
-0.493938
-0.536374
-0.434859
-0.40467
-0.359165
-0.422607
-0.344385
-0.317328
-0.406631
-0.388237
-0.367325
-0.397698
-0.394877
-0.350735
-0.345323
-0.323424
-0.388578
-0.461504
-0.481384
-0.452345
-0.343515
-0.358761
-0.435047
-0.389012
-0.490993
-0.439922
-0.483613
-0.473758
-0.436814
-0.390665
-0.440703
-0.5298
-0.509299
-0.531978
-0.472071
-0.53562
-0.476085
-0.613989
-0.548697
-0.529461
-0.52336
-0.507604
-0.462931
-0.450815
-0.485451
-0.456959
-0.403759
-0.357529
-0.384797
-0.34549
-0.356514
-0.416357
-0.465272
-0.465387
-0.513281
-0.534187
-0.522197
-0.48428
-0.507955
-0.505972
-0.561966
-0.456217
-0.433165
-0.436246
-0.419858
-0.444209
-0.48838
-0.482991
-0.452013
-0.505315
-0.502923
-0.48553
-0.466923
-0.43707
-0.419873
-0.423922
-0.420006
-0.399951
-0.36909
-0.325193
-0.329472
-0.385446
-0.395193
-0.451001
-0.361891
-0.423651
-0.397072
-0.433362
-0.429779
-0.42369
-0.503385
-0.518118
-0.508988
-0.528119
-0.463799
-0.472309
-0.336535
-0.343029
-0.368023
-0.357903
-0.405524
-0.460958
-0.407158
-0.374163
-0.405964
-0.372523
-0.361272
-0.403233
-0.475895
-0.399656
-0.388179
-0.45797
-0.385515
-0.369508
-0.478196
-0.40094
-0.359978
-0.310603
-0.350295
-0.411083
-0.408552
-0.405827
-0.46231
-0.426122
-0.443969
-0.438783
-0.409787
-0.420956
-0.462183
-0.47316
-0.414242
-0.385416
-0.383416
-0.301141
-0.327702
-0.420214
-0.449513
-0.35394
-0.345686
-0.456966
-0.500547
-0.515381
-0.469645
-0.400657
-0.433703
-0.413947
-0.436141
-0.464517
-0.455474
-0.448537
-0.514565
-0.493971
-0.399196
-0.381632
-0.320724
-0.307591
-0.318629
-0.36303
-0.299814
-0.484841
-0.544475
-0.457871
-0.449715
-0.478275
-0.478752
-0.449717
-0.440894
-0.430114
-0.49206
-0.505979
-0.471161
-0.504969
-0.48308
-0.492006
-0.501575
-0.480265
-0.424347
-0.495406
-0.40627
-0.469859
-0.386986
-0.388852
-0.38395
-0.445265
-0.427858
-0.433989
-0.399592
-0.472496
-0.445976
-0.477351
-0.482875
-0.396251
-0.394295
-0.405706
-0.391364
-0.373767
-0.356091
-0.397228
-0.301248
-0.307697
-0.379971
-0.341658
-0.394438
-0.417869
-0.500615
-0.491312
-0.516147
-0.515169
-0.48451
-0.460047
-0.378344
-0.419672
-0.352906
-0.328472
-0.357883
-0.296595
-0.32992
-0.353115
-0.410309
-0.421664
-0.412199
-0.421013
-0.435819
-0.438145
-0.458899
-0.481404
-0.498239
-0.444765
-0.443239
-0.467976
-0.448521
-0.465893
-0.42314
-0.408861
-0.392467
-0.416752
-0.460718
-0.455007
-0.404987
-0.440936
-0.448134
-0.498868
-0.498298
-0.483496
-0.520241
-0.434792
-0.488048
-0.523858
-0.460076
-0.45939
-0.437855
-0.344125
-0.291103
-0.293498
-0.352001
-0.389895
-0.363191
-0.371752
-0.426679
-0.414628
-0.391625
-0.431152
-0.44415
-0.45575
-0.475691
-0.444767
-0.427259
-0.343577
-0.351532
-0.348369
-0.395375
-0.444341
-0.463673
-0.413053
-0.498048
-0.421567
-0.418171
-0.351396
-0.329714
-0.339871
-0.402749
-0.395423
-0.363371
-0.276492
-0.348057
-0.382525
-0.375089
-0.383373
-0.401871
-0.432329
-0.483115
-0.445579
-0.411898
-0.387469
-0.346399
-0.365589
-0.47377
-0.480316
-0.565005
-0.573414
-0.500734
-0.424432
-0.365383
-0.426477
-0.465582
-0.365655
-0.408718
-0.432223
-0.393114
-0.404079
