-8.46946
-8.33381
-8.20248
-8.14753
-8.08684
-7.95042
-7.89346
-7.83788
-7.83792
-7.80296
-7.82663
-7.83347
-7.75303
-7.69717
-7.65142
-7.69218
-7.64741
-7.56291
-7.56083
-7.55607
-7.56284
-7.53792
-7.58635
-7.62932
-7.61333
-7.46966
-7.56357
-7.54347
-7.52114
-7.48878
-7.53088
-7.5602
-7.54634
-7.59254
-7.62536
-7.60046
-7.44537
-7.42313
-7.40645
-7.33583
-7.26151
-7.29014
-7.41976
-7.34913
-7.31044
-7.24484
-7.34815
-7.48997
-7.53603
-7.56209
-7.57033
-7.53569
-7.56673
-7.58775
-7.53746
-7.49044
-7.46955
-7.52934
-7.563
-7.51446
-7.51711
-7.48776
-7.47566
-7.496
-7.51307
-7.47785
-7.48947
-7.46248
-7.45818
-7.4732
-7.38093
-7.33502
-7.40561
-7.4103
-7.33893
-7.33758
-7.36207
-7.40131
-7.37328
-7.34804
-7.37177
-7.36395
-7.41729
-7.45867
-7.45298
-7.58499
-7.59857
-7.60585
-7.51829
-7.53544
-7.50382
-7.48123
-7.5346
-7.48486
-7.44591
-7.43629
-7.49647
-7.4533
-7.4536
-7.44419
-7.37555
-7.40456
-7.43023
-7.46775
-7.50157
-7.51164
-7.55105
-7.46793
-7.44569
-7.49548
-7.56094
-7.57154
-7.58092
-7.5894
-7.55423
-7.6002
-7.56143
-7.56091
-7.55702
-7.52342
-7.55675
-7.49916
-7.60538
-7.63204
-7.55528
-7.59188
-7.61342
-7.59694
-7.5232
-7.53349
-7.49706
-7.53453
-7.50952
-7.49624
-7.39519
-7.51995
-7.53864
-7.60489
-7.53709
-7.55141
-7.54416
-7.57048
-7.55557
-7.51969
-7.50485
-7.53242
-7.49892
-7.57001
-7.50065
-7.47262
-7.39528
-7.38673
-7.34716
-7.4196
-7.42487
-7.48167
-7.49326
-7.55148
-7.52069
-7.48597
-7.50329
-7.45816
-7.48162
-7.49857
-7.5387
-7.55243
-7.52674
-7.54006
-7.58439
-7.57527
-7.53376
-7.52189
-7.46732
-7.33792
-7.42978
-7.49888
-7.58287
-7.54364
-7.58466
-7.58978
-7.59581
-7.50576
-7.49541
-7.51876
-7.48093
-7.45717
-7.4757
-7.40477
-7.49828
-7.5304
-7.42674
-7.59638
-7.57595
-7.49262
-7.48819
-7.48456
-7.47551
-7.48952
-7.58999
-7.59129
-7.60835
-7.5764
-7.46041
-7.49706
-7.47369
-7.50242
-7.51099
-7.51889
-7.4877
-7.41731
-7.43178
-7.51996
-7.56569
-7.58366
-7.65821
-7.65642
-7.6292
-7.61941
-7.65868
-7.54394
-7.58764
-7.57544
-7.64452
-7.50151
-7.45753
-7.47468
-7.443
-7.35137
-7.41299
-7.52613
-7.58829
-7.57204
-7.6069
-7.60135
-7.56161
-7.61046
-7.60949
-7.59042
-7.50455
-7.50617
-7.54182
-7.51676
-7.57236
-7.53456
-7.55052
-7.52582
-7.52925
-7.47593
-7.43514
-7.39351
-7.28493
-7.31776
-7.37665
-7.39934
-7.36471
-7.33896
-7.39418
-7.34711
-7.48224
-7.51485
-7.54527
-7.57818
-7.53465
-7.55191
-7.55921
-7.53519
-7.56102
-7.52014
-7.54401
-7.54284
-7.57539
-7.54162
-7.52823
-7.55595
-7.65602
-7.56175
-7.49023
-7.53287
-7.60741
-7.61167
-7.58227
-7.63234
-7.5117
-7.54192
-7.51874
-7.55174
-7.56057
-7.5256
-7.50017
-7.45187
-7.4807
-7.42853
-7.4207
-7.47452
-7.5238
-7.55599
-7.57309
-7.56948
-7.55632
-7.56779
-7.50106
-7.45381
-7.37819
-7.4607
-7.42302
-7.46882
-7.4771
-7.45971
-7.47996
-7.40083
-7.40618
-7.50435
-7.53149
-7.45995
-7.47341
-7.43347
-7.38632
-7.44947
-7.45633
-7.43229
-7.43133
-7.39802
-7.46384
-7.52287
-7.59502
-7.51097
-7.53751
-7.55138
-7.5494
-7.56478
-7.61386
-7.65236
-7.70886
-7.64518
-7.68808
-7.68202
-7.69586
-7.68196
-7.60986
-7.56705
-7.61186
-7.56022
-7.56894
-7.59857
-7.60821
-7.63568
-7.68912
-7.6237
-7.57285
-7.57569
-7.52854
-7.50965
-7.52675
-7.53128
-7.51625
-7.59467
-7.57543
-7.5697
-7.54125
-7.57054
-7.60617
-7.55106
-7.49117
-7.53629
-7.51624
-7.58451
-7.58246
-7.69565
-7.70129
-7.66254
-7.58051
-7.53172
-7.62807
-7.54266
-7.52824
-7.60148
-7.60085
-7.56387
-7.59033
-7.61392
-7.50608
-7.63774
-7.61855
-7.54264
-7.66319
-7.62648
-7.70544
-7.64364
-7.59828
-7.555
-7.53306
-7.67408
-7.6823
-7.7077
-7.6391
-7.62791
-7.61889
-7.64308
-7.65087
-7.64478
-7.7033
-7.72374
-7.64649
-7.62089
-7.57675
-7.56782
-7.55054
-7.58077
-7.58001
-7.5601
-7.53004
-7.56494
-7.5632
-7.612
-7.60003
-7.63148
-7.62773
-7.67625
-7.66479
-7.64001
-7.62757
-7.64005
-7.64753
-7.57293
-7.50022
-7.58783
-7.58321
-7.58441
-7.62894
-7.63577
-7.63771
-7.60853
-7.55241
-7.47518
-7.40944
-7.42527
-7.45056
-7.40846
-7.45543
-7.46279
-7.43757
-7.30799
-7.34306
-7.42941
-7.46047
-7.44163
-7.52226
-7.51198
-7.52285
-7.52316
-7.54666
-7.52133
-7.53194
-7.6074
-7.57076
-7.5307
-7.50099
-7.531
-7.52492
-7.52988
-7.52609
-7.57299
-7.53276
-7.55995
-7.53065
-7.5036
-7.49137
-7.57614
-7.65752
-7.63623
-7.57858
-7.61566
-7.63174
-7.64372
-7.47291
-7.43944
-7.54625
-7.53457
-7.56785
-7.58787
-7.49373
-7.54644
-7.66484
-7.62277
-7.6993
-7.71895
-7.74577
-7.77692
-7.6981
-7.78221
-7.7005
-7.70504
-7.68467
-7.64528
-7.70675
-7.7005
-7.72804
-7.74217
-7.72026
-7.70415
-7.6008
-7.58919
-7.59772
-7.57651
-7.58312
-7.57846
-7.61028
-7.5953
-7.53077
-7.54334
-7.59047
-7.55624
-7.55507
-7.57598
-7.57035
-7.51266
-7.61504
-7.61485
-7.61422
-7.55403
-7.59293
-7.5887
-7.55851
-7.49422
-7.49976
-7.45962
-7.42313
-7.4103
-7.39923
-7.35745
-7.42357
-7.51566
-7.4888
-7.55314
-7.64495
-7.57543
-7.48235
-7.535
-7.52928
-7.46593
-7.49384
-7.4479
-7.48751
-7.3902
-7.46958
-7.42996
-7.52725
-7.56639
-7.53378
-7.55026
-7.5559
-7.57331
-7.51513
-7.4906
-7.46841
-7.49868
-7.46933
-7.45136
-7.40558
-7.45763
-7.38771
-7.48451
-7.46989
-7.43497
-7.49491
-7.60034
-7.57411
-7.47473
-7.44563
-7.40431
-7.51348
-7.54644
-7.55611
-7.49831
-7.5287
-7.60079
-7.63475
-7.57151
-7.55087
-7.56252
-7.60829
-7.59726
-7.68635
-7.65759
-7.5958
-7.58847
-7.71967
-7.67768
-7.67915
-7.67483
-7.57698
-7.60966
-7.64019
-7.69499
-7.67272
-7.60722
-7.62162
-7.63993
-7.61693
-7.72702
-7.60981
-7.61567
-7.61999
-7.60877
-7.56925
-7.48813
-7.43969
-7.49882
-7.50898
-7.55612
-7.6202
-7.67472
-7.6575
-7.58635
-7.60184
-7.5533
-7.58323
-7.58647
-7.62329
-7.61578
-7.64718
-7.66369
-7.61677
-7.6277
-7.60386
-7.56031
-7.55957
-7.5476
-7.55372
-7.59888
-7.54587
-7.50374
-7.53151
-7.50245
-7.53676
-7.48163
-7.46458
-7.3926
-7.44698
-7.40082
-7.47349
-7.48314
-7.50752
-7.41699
-7.52977
-7.51487
-7.62744
-7.65972
-7.58816
-7.5341
-7.45125
-7.46724
-7.43851
-7.42436
-7.4761
-7.4665
-7.45319
-7.42712
-7.41288
-7.39515
-7.3459
-7.39439
-7.45461
-7.53216
-7.56376
-7.60344
-7.58083
-7.461
-7.48877
-7.66143
-7.70114
-7.716
-7.65362
-7.63405
-7.61083
-7.63767
-7.58715
-7.62181
-7.66316
-7.66587
-7.73515
-7.65095
-7.71519
-7.74357
-7.73797
-7.74788
-7.70906
-7.68714
-7.67798
-7.56572
-7.55351
-7.60383
-7.71011
-7.6587
-7.65737
-7.64699
-7.66576
-7.63852
-7.6288
-7.56645
-7.58488
-7.57743
-7.563
-7.56777
-7.58357
-7.62588
-7.60538
-7.60751
-7.57663
-7.6183
-7.63412
-7.65576
-7.61512
-7.55942
-7.53042
-7.46743
-7.46934
-7.47222
-7.48219
-7.39324
-7.36292
-7.43271
-7.45323
-7.55323
-7.61148
-7.62873
-7.58553
-7.56951
-7.65282
-7.59515
-7.58798
-7.55274
-7.4954
-7.42493
-7.42249
-7.42688
-7.46375
-7.39203
-7.38092
-7.39756
-7.4745
-7.4026
-7.49404
-7.61335
-7.52304
-7.56201
-7.55869
-7.50328
-7.58345
-7.59751
-7.6245
-7.61109
-7.56942
-7.51543
-7.59231
-7.63703
-7.5984
-7.64309
-7.61366
-7.61532
-7.61963
-7.65703
-7.6771
-7.61535
-7.53681
-7.65252
-7.67282
-7.65766
-7.62844
-7.55129
-7.55489
-7.64873
-7.74345
-7.81525
-7.71544
-7.72655
-7.74697
-7.74582
-7.73117
-7.7304
-7.70414
-7.65668
-7.67583
-7.6526
-7.61541
-7.556
-7.43179
-7.42594
-7.40053
-7.4435
-7.45197
-7.31401
-7.34442
-7.36304
-7.46118
-7.46411
-7.46714
-7.4916
-7.42899
-7.50191
-7.4739
-7.53961
-7.57605
-7.51082
-7.5835
-7.6214
-7.69089
-7.59928
-7.55431
-7.5582
-7.58884
-7.55721
-7.65467
-7.67053
-7.6283
-7.57943
-7.60395
-7.65655
-7.65112
-7.6782
-7.65979
-7.59708
-7.64226
-7.61321
-7.64001
-7.66866
-7.59754
-7.45828
-7.4945
-7.51711
-7.5654
-7.6337
-7.59296
-7.55522
-7.53999
-7.55449
-7.56463
-7.48678
-7.58154
-7.46219
-7.4156
-7.36053
-7.49027
-7.54969
-7.65835
-7.63381
-7.52539
-7.46508
-7.52557
-7.52696
-7.55631
-7.58286
-7.56544
-7.51461
-7.54363
-7.54725
-7.55181
-7.5461
-7.57643
-7.65236
-7.70895
-7.60674
-7.5697
-7.55759
-7.61913
-7.65858
-7.67557
-7.65424
-7.66613
-7.68841
-7.65294
-7.603
-7.63966
-7.67011
-7.67941
-7.61907
-7.61501
-7.56496
-7.51205
-7.52913
-7.51185
-7.52064
-7.57139
-7.63918
-7.67318
-7.61378
-7.69194
-7.68284
-7.58167
-7.57176
-7.57879
-7.47106
-7.44957
-7.5729
-7.53249
-7.59457
-7.5907
-7.53548
-7.66637
-7.72128
-7.62884
-7.6469
-7.63562
-7.63376
-7.63588
-7.69763
-7.65243
-7.63603
-7.70535
-7.65812
-7.68485
-7.66315
-7.57918
-7.60224
-7.59264
-7.61265
-7.64012
-7.70921
-7.67934
-7.63348
-7.68059
-7.6301
-7.6348
-7.63252
-7.58461
-7.63966
-7.57753
-7.57313
-7.52441
-7.53518
-7.4962
-7.44535
-7.57927
-7.61251
-7.55091
-7.48911
-7.52403
-7.48919
-7.54604
-7.55855
-7.52763
-7.49273
-7.55858
-7.56851
-7.58871
-7.54147
-7.48511
-7.48731
-7.51738
-7.5292
-7.54617
-7.54703
-7.59034
-7.53183
-7.56479
-7.59285
-7.50891
-7.53277
-7.51351
-7.43074
-7.41813
-7.50236
-7.49754
-7.48472
-7.49877
-7.4456
-7.46397
-7.46116
-7.51367
-7.48922
-7.48436
-7.50378
-7.44505
-7.40909
-7.41536
-7.41371
-7.37102
-7.30064
-7.38281
-7.44878
-7.38009
-7.36178
-7.40264
-7.42295
-7.38108
-7.42418
-7.45886
-7.49704
-7.5916
-7.55407
-7.51547
-7.44262
-7.43859
-7.48154
-7.5705
-7.46813
-7.51927
-7.59967
-7.55911
-7.49814
