0
0.110365
0.0735767
0.0567771
0.0439982
0.0424752
0.0424327
0.0367478
0.0333155
0.0298076
0.0271085
0.0249373
0.0236191
0.0220482
0.0206305
0.0204485
0.0192418
0.0190152
0.0181453
0.0173486
0.0165382
0.0164107
0.0157838
0.0153022
0.0147042
0.0143908
0.0147557
0.0152742
0.0155398
0.0150158
0.0145235
0.0140627
0.0155628
0.0154233
0.0150474
0.0146293
0.0142326
0.0139775
0.0136254
0.0134262
0.0134258
0.0133833
0.013099
0.0128198
0.0128025
0.0130857
0.0130458
0.0127711
0.0125245
0.0125056
0.0122595
0.0120668
0.0118371
0.0117278
0.0115471
0.0113547
0.0112111
0.0111115
0.0109223
0.0107816
0.0106235
0.0104605
0.0102946
0.010186
0.0101906
0.010054
0.00991339
0.00989581
0.00999725
0.00985786
0.00972034
0.00959284
0.00946862
0.00938592
0.00932107
0.00921916
0.00915704
0.00905257
0.00893974
0.00886664
0.00876262
0.00866377
0.00861498
0.00852759
0.00845638
0.00840308
0.00835607
0.00829102
0.00824563
0.00816568
0.00828746
0.00820855
0.00823596
0.00815931
0.00807448
0.00799002
0.00792509
0.00784586
0.00776966
0.00798129
