3.24097
3.1306
3.16739
3.14465
3.14594
3.1686
3.14598
3.14594
3.13822
3.13896
3.13615
3.13922
3.1336
3.13642
3.1385
3.13173
3.13287
3.12717
3.12478
3.12262
3.12372
3.12826
3.12647
3.12887
3.12976
3.1325
3.1376
3.14318
3.13825
3.13796
3.13803
3.13793
3.14544
3.14859
3.14713
3.14754
3.1472
3.14534
3.14479
3.14676
3.1438
3.14653
3.14563
3.14638
3.149
3.1528
3.1503
3.15032
3.14968
3.15208
3.15228
3.15333
3.15339
3.15177
3.15088
3.15147
3.15034
3.14889
3.14902
3.14998
3.15063
3.15108
3.15126
3.1523
3.15411
3.15349
3.15395
3.15236
3.15015
3.14986
3.14965
3.15005
3.15044
3.14951
3.15058
3.14995
3.15098
3.15148
3.15127
3.1521
3.15243
3.15282
3.15183
3.15235
3.15164
3.15077
3.14985
3.15056
3.14967
3.15012
3.14826
3.14782
3.1492
3.14963
3.14947
3.14943
3.14997
3.15014
3.15038
3.14825
